212
16978
19106
10330
19719
3365
11725
6888
15058
13564
8207
2708
18420
4522
3286
18283
20047
11512
4024
10759
7544
18450
17637
6006
18608
1659
8867
561
1484
16676
14649
5180
2632
19907
15707
16789
6244
647
5925
7776
839
19208
7146
14521
19686
11346
14353
5175
17848
17127
19453
2451
9894
9161
5064
4891
13635
20495
6156
14593
12561
14815
20633
15791
14931
16760
12279
2517
10885
13330
9475
16780
4691
19140
4686
9321
2769
6418
8636
11294
4039
4378
17192
6255
19708
9793
11504
1289
10039
4093
16421
2128
1284
20387
10513
8017
19074
4964
15920
17657
10069
4424
2111
7414
7263
1530
14814
9119
12914
19230
18861
2369
13390
15929
10927
9129
8166
2676
12506
7986
16750
17218
15781
10801
9601
4072
13816
15969
8880
8386
3430
11835
7618
5539
7084
5
4868
506
10219
1386
19498
14243
13973
5780
14186
10114
4741
16595
9888
7979
3761
17303
4173
17927
17469
12659
20556
12456
13722
13528
19745
18421
19739
11445
10287
19660
19883
10152
8922
8912
14574
18518
4381
9925
3248
11763
9477
14546
9891
9908
2982
19197
10098
970
8853
1956
19392
13733
15092
10268
18280
18917
9122
17771
2455
13071
1635
2125
20434
2574
20169
9349
13833
8404
19293
851
19831
14024
1652
6918
982
13413
16635
18010
20180
8737
4864
7226
18276
5996
3961
8456
13966
8415
14270
2545
18219
1378
4869
3159
20037
18808
4372
8408
17573
16483
13256
15203
3868
13521
12665
4521
19238
4460
15089
6189
504
6181
8239
16672
2452
18662
11950
2738
15682
602
5635
11303
6136
1497
9436
9221
13150
7857
17130
17058
6658
3917
18975
14554
1452
14113
2240
18647
14194
16875
1140
15520
168
14724
18413
9689
8645
8156
18300
2382
1266
17051
14126
6446
12354
14323
16539
14059
6002
373
14199
19999
17315
8162
9984
15228
13019
30
4703
16564
13653
14241
17683
1700
270
18599
13895
19383
18144
12319
228
29
10904
20437
4357
20049
16361
6699
16758
17663
14001
11319
10819
20141
1997
15318
6645
2724
10825
12818
5096
6312
14582
17203
11968
3205
13325
17268
8622
18996
10052
16278
16498
15798
5190
8277
7806
4923
2269
8402
14319
19190
2216
6654
6019
16735
1018
11111
13544
7774
9591
2694
19073
4209
6665
15800
8073
17398
4597
5715
917
13282
9450
14379
5271
628
14036
4786
1473
4228
16237
7383
10359
1106
6805
5903
4874
14916
18727
13839
13888
5881
10307
11198
2901
6117
14306
12997
5561
17442
9962
5792
9401
19869
884
15365
8368
20473
2960
4317
7075
9765
14508
12724
3661
12797
14230
15069
8826
1749
2136
20484
2879
14957
18011
15000
17606
7007
10742
13359
3975
17046
2077
16944
10393
13789
763
14520
337
7011
7761
3799
13596
9943
20494
271
8114
6111
8711
7964
14997
13035
11136
17959
393
7095
6333
14547
2740
7531
19545
14955
20207
5030
12514
16593
4104
20584
8596
12535
1046
10541
2913
117
10507
8595
1647
9863
7377
9363
8086
9333
6199
12727
11872
10502
8558
13834
7293
20133
8457
12373
18430
13082
20327
9905
10643
19521
9334
2185
11300
15039
8436
8110
3142
19782
7273
1546
2524
12707
17109
15283
7654
20140
618
17844
12682
5681
701
15868
15727
19214
5166
4034
11892
15878
9107
9471
13475
5654
10275
18499
13907
3177
6687
16489
4976
17915
4918
1063
16882
7417
1712
15784
20419
7900
14400
1853
10508
5869
11499
13728
9714
3485
16800
20630
17709
3889
15797
1168
9004
11157
15579
4035
1736
17014
9883
19443
7152
8653
3186
1986
15331
5106
11940
6826
14316
16375
1479
7447
7013
19053
4356
3555
4816
10476
4607
5987
20094
18802
6761
15905
15814
11397
16835
11014
62
10095
14592
19006
15828
9960
14803
4336
1620
4485
19255
2586
314
494
4873
10789
9017
5346
4554
8591
6562
7660
3240
19933
12336
15080
13943
15742
20529
8978
1051
14575
2222
6713
12365
7405
13516
9223
9482
13116
6896
16972
19379
3588
13581
16101
15768
95
2459
4731
15787
5060
16680
16495
14630
1118
3982
1371
17828
12840
11195
2529
2310
710
2458
887
19906
18517
16883
14749
1191
12169
13976
9064
15187
1092
20475
13798
3791
10988
11759
15678
3948
12826
6346
3905
10392
3149
6837
18726
19921
1014
20085
355
14619
4089
20637
16098
16104
3630
17812
5555
17406
19054
17608
642
7390
18046
9335
16136
17002
8071
5690
10336
2036
14149
17928
11162
9592
10298
20566
15
17431
13031
4152
13593
3735
6314
8172
5398
16082
18312
534
15323
14196
12444
17278
17275
4624
18551
12101
4883
8916
1252
6202
8221
10222
16820
58
4681
15356
10
18648
16107
9599
20629
9794
8100
13643
17162
3384
9394
14492
12783
16865
7512
19422
9101
601
8274
7718
8835
3234
11878
7768
5486
11165
15475
6984
10781
4494
8060
15044
2834
17627
8545
10144
20596
18228
12688
1715
16895
19064
16950
4067
12601
14640
15775
712
14303
17504
16624
2601
15961
17333
3916
13595
17313
4069
1454
19328
7036
16896
9851
14976
19957
18377
11143
1743
17346
13994
20526
14727
18503
3132
15266
10586
19285
19941
17528
12214
13412
16126
18886
19479
13079
8238
7237
17443
11381
1762
4576
13935
13773
11253
11070
7243
5699
15486
12297
16690
12384
16297
1859
16450
11870
15361
16824
13946
11299
20286
16607
3940
16442
17964
7322
15569
150
14616
17986
3250
7670
3076
16325
10937
18475
3172
9270
20411
8842
12415
2732
9624
1268
1219
4600
14780
13464
8194
4337
7305
6937
2513
10377
14120
17482
6620
7636
2239
17378
4533
8553
4532
6879
18111
4543
10753
8542
7099
5760
15395
2308
18187
15018
14504
13061
16146
8297
2535
14509
18818
7522
6157
9799
20358
7789
1274
4929
13380
17
6383
9929
5955
19620
5535
6108
12527
7105
19390
3533
6848
4951
17742
8763
7713
5595
7902
15425
16975
4689
1918
6352
1898
7312
6627
17592
2598
7497
1275
11876
7215
14999
6183
4875
13317
5104
17596
7346
11378
15592
3204
8905
10135
17826
15530
8851
16596
1040
17697
8980
2846
7004
20153
485
1682
12178
11984
18316
4745
4425
12290
12790
18658
15076
910
12627
8649
3178
9246
13918
5728
751
3437
13165
8727
13091
17471
16502
962
20397
10211
14816
3775
5039
3080
5627
9200
4609
9423
8063
8428
14157
20002
857
17061
17779
4157
4684
14719
16525
19068
8092
12618
10769
940
12204
16438
18162
13552
6089
6423
6733
17320
5798
11376
3375
7463
280
19276
3763
16924
4215
933
18363
157
12999
13837
4343
2463
3531
14802
16766
5646
5437
9194
12324
13093
12845
18831
1798
7711
2949
6978
6857
2334
9579
4763
14224
5255
8953
15739
16811
9251
3580
20441
9641
13955
12714
3992
8972
3143
8327
1161
2386
14539
18181
12995
3594
1593
10897
6601
722
20423
11983
12708
1830
10747
2739
19554
20220
15623
11587
2963
12401
1260
1797
12385
12660
5885
10116
16916
6784
7721
5704
17590
8293
19500
13931
16296
15255
14130
372
9617
14297
19444
18665
15307
16138
430
16390
174
6777
7514
7672
7209
11175
1510
6631
9813
17490
19409
7810
805
8700
6473
14639
10434
4983
762
18004
3107
9866
11011
4247
1007
3816
7251
16887
12170
20631
12925
15894
8320
14019
13407
6231
9356
4068
14923
17489
17493
7571
13906
922
9596
18553
5958
15598
3078
5198
12368
20614
13327
12
6071
15327
19270
8940
5476
3645
9705
16792
4858
6477
16850
17078
16583
6638
6509
2127
5247
6453
5253
12617
18848
1086
15064
10309
15656
8211
18173
10374
13879
4634
11912
20610
10528
3049
18862
6091
7142
7308
1737
2429
19621
6644
12600
3891
14831
20487
3969
12620
7248
14945
13322
16261
13511
8815
10020
19744
16725
852
11265
8947
7282
11006
15434
4353
8033
18470
20191
9385
13415
3414
841
14819
17914
2680
19629
2642
12264
8210
19975
2109
15973
16692
7606
19428
5637
1397
10558
14131
7622
16426
1696
2288
9354
4187
18196
3413
1357
3598
7532
7027
5037
165
7917
20112
18529
6579
5007
17935
17059
7590
4706
9106
16671
438
620
16205
18624
9047
12158
8593
1811
8059
17157
1605
11884
16358
5470
3686
17324
5632
2972
3587
705
8217
5707
16294
7513
18773
2366
5354
19043
20506
6053
10670
14308
16986
15113
9377
6489
18328
11472
16753
9028
10910
15418
13627
17721
20587
8230
11571
12664
14876
16405
20374
1434
3423
14061
3041
5052
9936
2440
20348
2033
101
11865
19117
257
4335
10576
9831
15061
11197
14313
6363
14911
9974
7179
6410
14377
16999
8747
7469
15989
15807
13384
4587
310
19819
15130
14129
6340
4934
19171
8265
4851
12289
17816
4917
6934
9056
10757
14218
7472
2910
3077
6289
15624
2626
16898
13881
10021
1470
9776
18973
11825
18240
6968
4239
5071
14080
7529
5465
6102
1748
11528
12695
14858
12429
18661
15246
11979
14491
18741
8716
17055
6132
11239
15808
11733
2411
9189
11469
14020
16149
5488
16770
1134
17599
6555
7418
18807
20449
8183
19778
4764
11807
3044
9364
2507
3680
19958
16967
18739
11879
16046
7189
8846
16914
3003
15225
13052
3828
11831
4055
5367
1846
4842
3673
13506
5822
9755
18130
7059
18896
15123
19439
7975
14959
14869
11564
19101
7614
780
18391
5529
18504
2771
20341
12058
6485
10557
18342
19039
11760
6564
7091
11355
3468
18124
12700
17868
10630
13343
8743
4036
11976
6483
5511
9112
2317
17603
19806
12492
17805
10407
13760
16854
15005
19891
11179
18380
5786
3137
22
12302
12463
12077
8621
8336
4820
12103
8236
5336
15300
3081
3486
4170
260
16964
5283
16075
9311
4755
15411
12522
3344
6487
13184
6475
14392
10120
5065
4438
20226
16409
2047
8018
1889
17630
11709
2338
19088
17114
2953
1948
16070
11951
8458
3613
6737
20328
427
16436
8220
5424
15181
16785
13908
8724
8540
2348
9573
16966
15502
18017
17926
5323
7221
2897
11223
6887
12310
14679
13458
1818
2533
14807
11457
6593
7399
7569
1193
8568
4633
20372
11242
9065
14257
10373
14778
7709
10082
9552
12623
1582
8971
691
18580
7126
11160
19713
16397
16033
19381
15100
1099
9819
7698
6886
15007
8142
3296
19345
19192
8446
2052
3362
16475
18729
17866
12143
10594
4876
20061
17948
625
17488
7673
5429
4286
13753
16941
13181
8192
17666
10664
13987
12498
16851
10965
6904
7838
13852
15613
13238
6730
16614
11707
19262
234
18013
12211
16457
17659
3998
18443
967
19643
5494
15576
18365
17845
13532
8224
5575
9969
6348
19143
18335
11448
2154
14542
6866
16772
11728
12909
2579
2267
12145
6844
9003
5235
8694
5787
5188
9480
365
481
6575
14335
20029
15599
2477
18646
19206
13183
20533
9404
10920
4958
3883
17091
18630
14656
4688
13985
16255
12235
4385
13154
13451
6094
10804
7070
4376
4516
14787
19897
2071
11479
20535
6441
9747
19348
6933
4156
9562
5264
13893
7859
11481
313
14530
16309
8998
6962
7631
11252
18502
4697
18675
14591
18699
9528
6954
4907
2255
15668
13488
4611
5499
18733
20122
2023
2537
1525
14808
9708
2259
2750
6893
9030
14044
14792
268
16389
1666
4179
18106
1224
13583
8810
18321
3292
3334
3068
8500
1222
11144
17775
8718
18077
20433
4621
5332
15312
872
13905
436
17167
10592
11473
932
14556
20212
878
7280
19685
5661
6225
6234
14774
20438
11386
10043
11611
18618
17861
1519
1237
10975
12017
3075
7365
12288
15084
12246
8603
6164
4514
16184
20504
18931
8799
8512
3120
16056
11358
16980
7355
9630
4565
17188
9481
7494
8155
13701
15122
1146
13644
12890
13055
6989
3047
47
10364
19791
1169
10037
14021
11034
5658
11051
13095
16727
5697
12470
19989
12074
14479
16338
5683
5941
6833
1962
12815
15431
16440
3796
3589
10485
690
18666
2115
16431
15774
5994
18823
20295
10202
12243
14730
10725
14111
17357
15498
20067
16752
8839
10245
16089
19683
3544
723
17433
19875
18606
15629
14743
7303
13173
14550
4563
4111
3106
16981
11925
15846
18925
225
19881
19104
7684
16513
11521
14051
15499
16016
12834
16553
14907
10404
12930
12131
20261
19727
3773
2352
9951
10680
11649
2820
4056
12369
2911
1634
7890
20606
2566
807
13708
12497
2730
1413
17119
6558
16017
15777
15708
8015
1657
8931
10262
8209
18669
7115
15918
13134
15772
13467
12947
10181
10886
5482
14244
16122
4327
13556
2729
16271
14915
11790
2117
20354
8712
11055
13239
918
507
12071
10019
14562
17856
677
17971
3692
11025
12842
1813
6619
9911
12793
5716
19522
10822
8433
18176
10123
10074
11889
3018
9791
8903
5570
11755
14287
17205
979
3312
8345
8706
6137
1125
16019
19533
9616
15906
3869
17449
4970
10148
14430
5525
6207
6212
5818
123
6046
4610
11363
18040
3189
15554
9837
3547
8117
772
540
9667
7122
11632
295
11697
9565
16371
6760
13328
2173
1697
20366
338
11743
17265
6537
2107
5811
16326
6824
18195
18160
632
11274
16352
14806
12585
6889
9051
1877
13765
17070
19976
13549
7378
1147
565
10957
4326
7932
10782
11371
5776
3874
18177
4945
6701
1970
9893
7579
11978
10994
18217
5328
11133
4614
8608
5847
15197
5623
10489
1430
14314
20398
12102
15897
14760
5722
2286
10196
11653
15655
17337
6155
2282
15535
4348
13999
1638
18934
8739
17711
10868
6036
16775
9852
20011
7966
7907
16827
2083
16585
19558
12636
14809
6201
13743
12594
17191
5026
7547
14540
5404
19219
5593
4495
12413
7109
4899
10987
9235
11609
7228
680
6424
17640
1615
10640
13963
13592
14108
7233
211
13853
2061
9918
3835
17645
357
1481
7030
9777
15504
13796
3366
10258
14938
3834
177
7133
3977
8900
104
18849
4756
11079
19805
11099
3962
3038
7845
6996
6855
16039
6203
419
12111
1179
17238
218
4933
19315
5493
12786
6846
6297
14451
11604
1880
8019
13546
19560
19280
15462
2841
7743
13711
5672
8423
15271
7797
12604
11625
5058
11815
10943
1704
10984
2101
13904
2734
17769
13572
8331
18576
12340
7628
8113
8098
7481
4063
6176
7558
4113
19979
15923
4030
18261
9699
8225
16030
7822
328
1502
20541
10511
3925
7127
8508
4224
7686
1987
8557
6478
3596
5296
9430
6607
9077
17745
13419
12054
13234
4924
19380
18510
4311
15758
2281
19313
3943
8894
575
6987
3780
13869
10457
4558
928
6533
15218
7717
7704
3505
20013
13874
886
15654
10130
6682
11442
1351
9117
5924
18378
7107
4446
2244
283
16856
7893
4682
8388
12355
17650
13119
15463
1733
3583
1323
4314
11568
17314
16053
7116
20534
18781
12357
13565
5804
3300
3729
2087
15883
7931
8204
14282
12746
1068
13296
3808
18901
6611
6534
15561
15991
5162
20165
2304
2179
10676
4139
16072
9513
11012
19760
9643
2522
2624
12633
6834
3324
17905
3196
2912
923
7835
14008
17405
13421
18423
9934
7035
18590
1571
8814
2090
231
6766
13396
1354
18362
20066
3577
11215
12819
20014
7364
15372
12065
14654
2957
18313
17618
6367
19277
827
6086
14334
11710
9339
12024
6744
4965
7840
9750
2413
9607
6669
1393
14138
14569
10400
364
13094
1048
12410
12837
4369
11284
4280
6154
390
3798
9564
5244
4322
19223
15330
7327
15514
735
2373
11573
707
19486
19971
7491
9302
19048
3694
2688
7856
6795
8761
14267
4373
13036
16074
16343
3369
7205
1524
446
6319
4701
6990
11898
15731
13053
2402
20635
7009
3973
17022
7739
3467
8483
4041
4023
15757
12952
3711
10844
13535
12225
5368
8313
6676
14664
17249
10310
14360
18932
8672
8106
19640
9666
7202
19925
2307
9431
18914
7583
10911
19812
9346
19835
16920
19163
8376
11513
7470
304
5119
8954
16241
19091
6042
319
13213
11335
6652
12316
18649
11887
4486
1349
20041
4579
15591
2608
19011
48
2956
4154
5245
16163
953
10429
10901
8927
12376
14151
1406
521
730
5165
14320
612
19281
4245
17897
697
4908
1836
8881
4272
477
16729
10000
1730
7781
15110
6905
10487
9433
16222
4260
8281
243
15305
1002
5594
8462
17827
7454
10922
11477
7286
6474
17687
11784
10810
5374
12339
9712
702
18229
7187
8488
12676
8588
15148
9638
16823
15523
19538
3964
14921
1893
5160
2311
3387
649
20203
6361
15209
6709
11241
3496
9671
15389
17473
17548
13
18193
2296
11544
8719
2112
13018
3285
6595
14119
16993
17958
3087
5860
11654
16398
16422
4021
4200
3245
132
16951
1860
15472
12123
17870
6746
20512
9606
9702
3605
15699
19761
5968
366
10605
6013
14692
3784
4988
80
8147
11307
4037
7169
6038
15556
10391
20330
3151
1655
15261
18588
4749
11169
17503
4660
10370
19691
15430
18414
17134
42
18060
11515
7051
17124
7475
12884
20528
17277
2647
5409
8481
10919
18567
17230
11019
11643
12781
2650
1996
19813
6783
10709
167
15204
11875
12867
20109
9677
9500
12087
3627
18304
4188
4646
3653
15310
13404
1952
10909
8812
2363
18198
8432
16273
5761
11645
2809
16179
1801
15756
3121
3571
8255
12949
13484
8463
13536
2797
5315
6204
12161
15479
33
10840
14460
2755
15987
14551
7661
13600
2292
13220
11188
1865
17636
3890
9236
5580
8272
3495
16610
16168
18309
20489
9640
19016
18632
2479
14874
9516
20299
9682
1139
15836
2943
4746
18866
18631
6998
14175
16119
7182
10623
11779
2293
5455
6956
16057
18337
4082
11970
8188
14691
17301
1959
3482
8424
5522
19417
17491
16225
12513
9650
18512
12327
8420
1380
1781
4693
15177
12115
74
12350
1993
7403
1206
11620
16597
19419
13529
20401
17396
151
4415
13370
14589
17951
19389
3223
17896
17462
7320
2094
7025
2525
11087
10651
8413
6592
1539
18322
7049
18714
2195
8639
11658
5969
15660
488
20234
13371
5657
14431
8394
16396
1621
19701
14097
12905
8952
13785
12033
2137
16182
18725
2907
15196
18097
14266
18273
8173
17103
1661
16781
18852
6570
7787
1286
2589
13689
9567
5128
7525
19607
2268
9318
20520
20083
10105
20010
1529
19196
6877
7904
19853
10828
9095
10390
2567
1547
15669
17831
11769
12598
12669
6115
14274
14030
19128
20425
1174
16315
4799
11161
19767
15615
2703
8069
9992
10102
1387
6597
19450
8148
17235
18570
15151
13736
7557
20563
7072
5502
1220
19514
3945
15457
7006
4283
4544
8372
16933
10951
12392
2169
2985
502
3260
4801
11110
13500
6174
3597
14387
14791
18104
2554
16248
18562
6710
3565
8729
6505
20101
13472
19520
13148
10380
4716
11203
10704
8401
8332
8828
9024
1778
3872
7954
4708
4480
5650
15832
4700
12213
11190
16359
6653
1088
5155
4740
20417
20138
4663
1595
6238
11580
956
6414
11194
9941
614
8443
3902
20309
10864
16084
4484
6123
20311
4355
2737
14317
12784
3825
14671
13432
14457
20460
5974
11959
4980
17685
16484
8565
7423
13261
9156
1521
11309
6850
2852
18533
11780
5044
590
19892
6870
4732
4666
9197
16318
15062
8168
3427
4285
12155
19992
4685
1037
4683
10401
10682
9695
7032
9746
19157
10850
13688
6077
16470
18331
13738
8184
11208
18988
5713
19132
10198
11560
12317
3783
20239
11538
10383
4784
15355
5774
5900
12817
14804
17662
14901
3279
20
1248
8893
19267
5063
5154
14371
15352
5461
3932
16265
12624
14237
9466
1361
6852
3302
8425
5793
19028
13538
11689
15012
5695
14399
19504
4949
7052
2625
10332
5464
2065
19454
8766
13216
5759
2361
4333
17163
4040
17574
9088
12705
2857
18561
10357
14984
11315
20167
13207
11382
1827
15806
11631
997
9111
15112
5736
213
4570
18881
16996
3348
12132
19818
511
14489
5680
9042
1964
17133
10118
2357
2221
2132
321
16686
17073
6264
9772
12586
19866
12918
8269
3612
11965
11646
10314
19248
12843
15761
7003
695
18467
2021
19009
11530
7910
20552
7104
18031
854
5634
4515
8864
15050
14557
6028
9419
12075
2295
10270
12523
4606
3192
5131
8863
19235
368
19501
12383
15412
7958
14772
15755
18964
1851
9400
12964
6332
16814
6484
6510
18923
15194
13465
14578
20458
15380
1411
5905
13576
15435
16079
16381
15501
2629
6967
4417
416
8378
19993
12621
20108
11345
17753
18568
9976
18263
18109
2878
16815
11348
20480
12271
961
19108
14065
10356
8134
18621
3229
18065
15086
14445
6511
2840
8878
19004
9711
13205
19543
424
3849
13719
3772
8740
14609
820
5730
7940
19572
7502
17097
2098
14746
7018
6279
15133
11651
16532
221
7393
15544
1922
20113
3343
8731
18310
5516
12043
3621
10549
13192
18473
16253
1190
7492
7139
2015
11615
12574
16667
14402
6547
11113
16675
10348
2415
2969
208
9542
439
15454
14718
20296
16517
15683
7792
13382
7014
4432
12566
15606
13655
10455
6747
434
9343
7012
2232
7863
15026
15717
15032
1194
5616
9492
3013
10669
4775
16890
14181
9720
18016
14553
9742
17417
20285
6217
16368
15034
16266
5050
6935
4547
1883
17050
16997
14118
2007
6892
6757
8911
6186
11915
13897
19067
5629
15126
3757
3682
18400
2873
12093
19078
14490
2958
7605
7462
360
823
9549
11992
442
11257
14979
6643
5349
20006
20472
311
18842
6443
16035
9214
17760
1334
3712
5087
16560
13368
18264
7974
11427
12261
7062
12957
15719
7860
8796
11696
3249
6313
14449
1436
14943
10398
9829
1096
4306
8728
9275
13537
13226
19903
5257
9757
14685
19586
10474
3965
1226
4618
16931
4527
4642
13958
14220
1774
13388
6970
5394
853
18489
2064
278
13233
3200
11522
2360
17274
11056
7770
17615
8391
8944
4234
10649
12334
11291
15226
11184
14376
10024
15242
13599
9141
2080
2354
13101
10721
4585
12679
12983
2877
14919
6767
16183
2039
15728
10809
2152
13103
10438
1568
832
9099
4331
3267
15114
3425
11592
13355
3274
11396
4619
10990
453
16299
10501
2706
7256
12549
5763
7906
7970
1603
8934
10813
2237
1421
6947
15227
1362
11104
2804
8696
11478
19186
13105
18092
7784
9133
13469
1622
17562
3838
19544
8482
15477
11987
7752
1569
11149
10890
6988
10660
1375
19260
595
5740
8441
8897
14346
2761
16833
16572
4296
11434
19687
17907
19581
6765
3307
16465
15243
7429
9590
5665
16346
10720
15071
2568
7038
12344
2076
10452
8289
6412
4274
17757
9439
17854
12980
12562
19314
3984
18801
3464
11403
15202
1828
18034
16412
14245
15319
19518
8197
15594
19649
12616
6012
11508
13004
13945
7634
8544
11297
14883
7372
2079
14568
14767
19007
7490
18640
10542
12921
19986
18150
18289
11767
20543
14390
6205
16687
19156
20549
14610
19662
10281
10405
4640
18278
8666
3342
9680
13244
107
12125
2430
11155
18525
4803
8389
3532
10341
16554
11173
17486
2962
6299
4086
15564
18422
14713
11842
18429
7533
2005
7165
6386
8630
14350
1822
18788
3810
11293
14438
19102
16932
2486
2190
7203
3169
19086
3488
18472
2274
367
2153
13617
2605
19913
10854
10752
5435
5231
11093
14328
17595
12653
18493
7690
16562
19045
3043
14483
17974
3536
7923
10691
16769
17040
9002
9494
5115
17194
11311
12400
17791
5011
12251
10733
15713
545
1137
17237
13860
14880
19471
17208
20215
798
13418
7252
10165
5800
6305
3242
10899
1642
6503
16652
6467
18419
7326
14752
10175
13028
8024
10225
12526
10902
3035
16559
4705
17522
15497
2088
19172
2801
15315
11092
15481
5163
8600
3112
20186
6362
10326
10088
18511
19147
6786
16456
13099
1103
19702
2735
7935
13364
18002
20137
15813
15625
3646
18066
16678
15336
15895
19673
15684
7827
6206
2489
2384
8547
4608
15845
17696
18980
971
19484
4382
9766
17459
13196
10580
5550
2778
12409
11904
18855
12320
19154
9802
3218
18113
10666
8365
14606
9417
4022
11883
10514
7738
19431
1937
19740
2436
9949
13648
19335
4496
1967
2823
18888
4800
19213
19082
1995
16549
19680
9634
1151
20482
11973
10761
9217
12394
14990
15909
37
20247
3972
17505
5448
18086
10113
8818
3397
12823
4581
4363
16133
791
2378
124
9371
12165
3213
9846
14694
4887
8646
17328
19700
10636
1419
4029
8081
16873
12888
4129
6946
6637
11467
11232
17472
3398
7186
4823
3562
4276
1254
20051
3542
16177
9539
9937
9035
6178
3974
2054
2383
17555
10436
9226
732
9870
1609
13471
16002
9360
6256
2419
11236
8288
9255
6526
1583
10571
4167
11359
14101
1492
11550
12260
1790
1057
2133
19477
12349
8036
20456
15751
16142
7407
472
20350
5269
17679
17284
20012
18522
12589
9115
5280
11286
7453
12782
16208
16803
12764
4275
3795
13801
5477
16455
4444
8541
20521
12628
15185
18001
2744
8164
3841
16329
15873
15725
18494
12835
15170
3649
2063
950
17407
5517
9410
4665
2933
19799
12003
16921
1592
17335
5383
4538
16478
2035
15963
4897
11327
7870
1589
18539
6979
6103
947
13285
12176
16197
9020
16830
16429
1741
12578
16425
1518
14086
19148
558
17667
3199
13457
9213
5696
15917
4342
4254
694
5862
10354
9804
7360
5049
11849
1953
15642
8379
16948
8205
8486
20236
4629
15866
12305
12212
19955
18117
7033
15586
17105
1232
17584
5487
2271
18721
9330
9647
9124
18299
12608
5596
19765
5300
17582
17195
7865
17983
5753
5578
10701
11776
533
5284
17956
8566
3321
1033
20176
6125
1992
14104
19033
17521
8011
5440
14782
17288
10870
16401
9820
8580
6820
9222
8530
16794
3826
1852
2252
5673
1493
12689
13433
14279
16902
19063
2743
6774
14087
12185
9963
14904
11362
14029
17750
7511
14396
9884
15065
15480
3657
9784
18397
3939
15734
19403
15175
3316
4371
12300
6151
11097
18042
11060
13821
9137
13672
1270
13695
479
9225
15407
9386
5943
3104
12073
12032
5452
9216
15712
19496
20444
19397
11164
12710
3811
6554
11601
12576
18259
13126
14211
5496
9015
4487
1915
10199
11660
4817
3490
17171
16052
14404
8656
15815
4584
6495
17385
12938
341
20022
16816
19472
17506
5824
5034
740
15880
10493
3011
20389
6717
17531
8461
9986
7050
9322
15507
1980
12455
13025
963
350
3556
18579
15178
18999
16665
10230
19568
3053
6928
15137
11288
12681
4244
17098
6832
3083
3306
14099
20024
15367
4497
6472
20134
15521
8896
14795
1500
9174
4191
3357
20447
7645
14145
15173
9114
19852
974
1838
7048
13827
10955
2674
17518
20373
12971
18128
1128
17835
2770
18775
2925
14136
11032
16305
4870
5396
3291
6131
18577
19369
10538
14278
3827
15296
18595
7742
9180
9208
18245
2831
3519
14247
7886
11911
1873
4119
8959
9283
7573
15763
11762
4162
4577
3058
6563
7681
1597
11821
8050
16891
1687
15562
12407
10128
15619
17790
11856
3331
11858
5725
18323
1181
8339
9399
16842
10826
16622
9164
6180
6076
530
15780
669
9109
9603
6728
2008
15078
4073
8390
2683
7371
1028
147
20580
16453
16504
14964
4881
4102
4365
16822
14447
2653
15982
15516
6813
18334
17364
4140
19771
1259
11575
9855
10484
16360
19588
16015
9877
9336
18167
17612
11126
3675
10185
6523
12028
19076
17744
2565
10188
14093
233
18711
18406
13956
6778
2613
12876
11942
11483
14289
10639
1913
4848
7482
16519
18370
1674
17116
1575
429
15093
564
1535
11062
5353
8030
10654
17262
20307
16188
16817
12228
6531
11843
19775
8515
6719
3801
11343
930
410
627
15220
10891
353
5341
11586
11461
5850
6366
11262
3529
17676
12879
8062
5724
19513
8968
7703
6444
10228
13891
14268
11043
11668
16322
8576
17390
12861
20435
17539
18067
15180
20107
10980
9108
5133
7821
14106
1911
4493
4216
12325
9342
8464
10863
6039
8845
3909
4994
12402
13687
16529
75
8145
2362
13615
17571
617
9752
4862
19247
19882
1632
13639
20238
822
8041
1384
18854
4271
14070
4990
9231
15823
8532
17911
6098
4582
17841
2488
1012
6433
10766
8012
17960
16982
589
8459
3559
7441
19800
12312
305
17973
12928
11426
11886
3931
13909
4230
2869
18372
5838
7113
8943
17009
4016
11652
16285
8296
8883
13047
13717
18565
20378
20553
251
638
7793
11981
9917
14191
19636
20216
11102
12758
9305
16633
20251
3570
6110
19783
3176
7420
11226
114
5174
3822
8988
11848
12194
14785
4720
2843
7875
11057
468
15706
1352
11944
9930
18070
3741
12330
7756
11191
16654
7427
18637
20490
11072
17855
17290
4627
12788
17952
15409
9421
18776
14040
19583
7024
20531
17434
19321
4013
10821
17248
11932
7439
16763
6787
13970
2116
843
14968
3021
18814
12477
5957
1785
19124
8227
1886
14563
13772
473
15413
20570
5857
10282
17536
3255
19606
19939
14084
6596
15147
13225
4097
14653
16973
245
6381
15455
17671
924
9751
4143
10183
7359
16594
7565
15726
11777
19769
598
13297
11007
1681
7765
15408
12831
4529
14090
8669
3419
9395
2141
11527
8247
13068
10073
14203
19547
9749
10888
4011
17718
954
18538
3726
2149
13804
7316
4709
3128
3280
3620
19847
4
8709
1121
12092
15900
8469
5173
5576
20375
19338
16155
16688
10621
12532
16511
20598
19412
6230
3201
7878
8283
1580
15874
17182
14669
3894
2070
10022
10194
18251
8196
1599
11106
11921
16783
15583
622
4158
4638
15200
11295
3227
20409
8549
8996
9931
12341
512
20507
7515
10703
11867
7726
10734
7147
8054
12778
19114
52
2375
12767
6897
8318
2909
11328
10981
4312
4548
13609
1872
10433
6804
5601
11747
3864
3033
13199
4853
3009
1444
18698
45
6310
1850
9955
18093
15264
8214
2051
7240
19849
13288
7961
4815
8367
9465
11995
9896
152
18376
14769
19178
2261
1847
19796
12654
9128
8807
11276
12878
17767
5921
16333
19452
14169
8758
9881
9350
13685
621
842
20289
119
5348
4727
11938
13835
5054
12206
9649
19413
5751
6577
20442
2056
7428
19300
5222
15256
15236
7120
12743
5273
18897
15293
15738
5906
13251
16755
12307
19694
5403
19382
10798
6981
4400
10077
591
7159
15908
3790
5752
8342
5766
19774
1319
16732
18865
5243
19228
5843
5098
17843
10656
17071
1523
12144
392
9271
12107
16395
3165
5471
10563
14398
8684
2935
16544
4475
8784
2646
18165
9706
2480
18829
10251
12501
10561
12638
12295
13641
19826
9508
15375
18827
3320
19358
4383
14731
19610
14936
7891
13263
1560
10581
1116
16439
8359
3471
12464
19177
20544
5480
3273
7259
5938
12711
11026
8685
6625
18674
4295
12941
1244
3664
16561
16192
6139
13438
15383
14375
12752
894
15059
3465
18348
19374
16638
3477
2332
5088
10982
4696
11605
19060
15931
12141
13923
235
12453
19878
11839
17513
18439
16004
18190
19176
11946
2445
12812
16707
7361
3124
2368
10555
18839
1639
2628
14162
17148
20223
9578
16715
17813
19888
18020
8764
11298
8380
143
2316
2092
19752
7329
18175
18107
4096
16799
7796
13656
3629
15045
18601
16275
11349
13044
7839
2516
4300
18845
17329
3114
10604
15862
19857
3672
16934
19166
14962
11719
8629
8937
8620
11312
4914
11429
5589
17173
6329
4060
1123
2842
13125
8370
18210
11261
7777
175
7576
16492
10928
13543
15694
13260
20183
10176
378
224
681
20213
4850
13372
7705
12567
9016
5788
7020
10874
5931
6075
9357
6073
14991
8250
15574
17857
1981
8675
10272
11782
3287
2143
5572
1977
13896
20071
18942
16615
3794
4077
3617
5308
19773
16751
6195
1263
12655
4528
936
7550
19854
16989
1423
20624
16508
16491
17206
9581
20497
12201
6229
14629
4886
1570
8381
14050
9569
5001
12486
2687
2193
7677
15286
10132
14886
11961
17553
14878
1633
19284
4792
18411
4058
19539
12086
19071
19399
4289
8075
14560
13235
14200
19209
1207
20306
18465
16427
19459
19320
4552
4404
9177
3665
240
7997
3853
5726
18083
7219
8346
14142
12985
13651
1385
5977
6610
3600
18737
2372
8805
15534
8067
15248
8187
294
6493
15671
20462
18211
5055
14378
6578
371
2030
9656
10025
8097
6092
32
13759
10881
11181
8299
19375
16193
12730
3117
11526
8266
15142
6082
1989
15217
937
6885
13699
385
7899
6145
2999
2374
16024
15885
9375
15637
20019
5357
15207
2765
13153
5415
6357
18734
8304
6141
9182
17863
18232
5070
9467
7973
20073
11417
13143
5491
2457
19885
14641
8504
9973
13460
239
9726
6334
8302
11797
2365
12423
5912
10034
10718
1554
2165
16311
5451
12894
4214
5089
2666
13920
3683
9338
5588
13443
7430
7357
13604
13001
17693
10352
8369
16067
12911
13630
13168
18724
5734
12548
17322
6242
18427
6090
14637
18085
13614
873
140
5741
8794
3548
7413
7132
5033
12666
12021
11768
12329
11896
17107
16984
3052
8144
6591
5991
18651
3895
12680
13452
13129
3100
10776
14281
18482
6211
2612
6770
14872
19561
17001
180
5916
3073
19807
18755
952
7184
503
335
5520
6017
10523
13040
9486
7238
1802
18898
18101
3435
4287
15657
1122
1133
9519
5682
411
5057
2658
5079
4878
5447
2142
6016
1487
1983
12220
5747
9418
18856
5443
2467
15646
6630
19726
4193
10932
11054
10086
13862
1155
9797
20560
15038
7445
12611
14280
10949
8387
1559
20601
18556
16162
17619
12933
10719
19195
9800
14009
15630
3656
5290
16889
3592
7373
14650
12482
8858
16650
12371
2606
13778
20590
9029
14367
14461
14499
17607
12584
18374
5659
12942
20439
10912
13802
99
16723
18692
715
19722
13424
3662
8690
17881
12696
3937
14384
10276
2582
8848
8901
13555
18122
12734
6107
1082
1418
19089
13623
10424
2697
9583
13616
4975
3967
1882
1608
13693
1039
9620
5677
5399
7562
18204
4674
8913
170
19052
10410
1899
18528
1926
16128
16380
2795
8448
16677
13954
17686
10546
13362
18747
20567
2865
7343
7207
1328
12839
6347
8070
11068
17527
16988
5108
19546
9366
9319
8418
7216
2641
4106
8919
19406
20618
10189
3395
2540
11753
8847
12478
8292
2885
10096
11119
15276
3432
1130
16010
18871
2018
8243
3515
18231
3845
17147
454
13612
1517
5799
2099
130
14033
6522
15131
7992
12821
3569
7695
2389
5187
12912
20510
15635
13691
18560
11505
17908
19184
18679
7153
5086
1185
15723
3805
5754
6322
6520
18157
12646
20362
16773
5986
4218
19467
3155
20087
13346
15292
7063
2981
19762
13011
5274
12811
17689
10227
6551
20346
3461
5021
18939
18892
6752
15904
19265
2893
14658
1154
17849
9337
10740
20151
11690
9597
11390
17261
2435
4675
13605
1863
11050
5932
2790
10014
4523
16804
16940
12120
4478
18993
1957
16627
16538
13587
11167
4151
14406
5207
15753
8143
199
15819
7977
660
17209
227
8410
10454
15163
10741
19677
12045
4735
16911
13960
16512
18837
19515
17168
16268
11240
17554
11192
10675
8356
5358
15461
13124
5142
13929
20269
18156
2948
10715
7324
16384
8995
4464
17720
6572
10406
18813
3862
1563
10193
18884
19506
2792
18686
17770
1282
16487
9626
18260
12068
1503
9653
12702
5013
4593
17044
20470
13247
2808
16739
18350
18184
17376
4812
10005
1192
8328
16216
15405
13807
5193
19301
19619
2250
9824
3391
17581
15839
17786
4261
12273
12987
1449
13072
5103
16664
384
13567
3716
17610
14624
5507
18997
16756
6986
17319
12946
7416
9928
14605
8405
17788
10633
15531
1810
3008
3110
14843
5828
14409
15437
19834
14740
11930
21
8733
7818
18326
3989
9767
19170
20339
20436
8886
6825
11141
20476
1699
825
8830
11465
634
9031
8929
16945
15014
11322
15139
6623
17543
12435
285
6553
17225
1476
14437
166
8862
5077
14159
9618
2588
16546
9853
10926
13160
1255
4181
892
13657
18885
9263
10760
6303
1498
6499
19605
7934
11537
9044
14208
15633
653
20607
8360
9456
219
4636
16535
9250
11500
4995
14825
471
8242
6265
1477
17970
19489
5513
4653
12978
8932
9258
6384
11899
5241
4225
19915
20088
7194
5540
5949
13859
7276
3609
4797
18382
4504
7967
1109
9145
3774
17808
2569
5076
17302
19174
15901
18979
1405
11998
9718
15348
12361
17393
18048
20359
7344
18797
6277
17780
15513
5229
10439
12315
17480
12006
13727
3214
11881
12044
7300
15326
16733
14233
644
17851
12972
7290
12735
2550
20097
14896
19801
20412
3040
10367
16428
8498
10931
7854
10963
4358
2309
5662
5046
20264
12887
8417
10136
2329
5206
15750
2620
13734
16872
16953
2017
16269
6599
3097
10048
17893
8103
10953
6803
7157
3494
19205
15117
15471
10250
1578
1211
5379
7130
16036
5309
14321
6318
5376
16809
9136
3147
17701
2541
6227
10138
421
16348
19135
8138
13221
7284
19571
6387
5325
16861
12012
16264
4843
15617
14161
15933
12397
14742
12750
14382
8046
14253
2284
6667
14729
327
20329
7114
16167
13939
7955
18138
2727
15257
13333
551
8455
17083
17672
9738
11906
17369
10551
15859
20404
6802
18546
2712
11873
15611
6818
2742
3699
19049
1326
12375
13408
12207
8755
8546
11745
655
5549
7302
2328
2425
1488
9212
5035
19012
2838
9878
16625
14127
19725
11313
2832
19407
7047
3857
18410
4482
16829
8471
18056
11365
18345
727
2031
3111
14674
18242
6173
9731
10322
1972
10318
539
10648
4405
11967
17576
16847
6455
7650
18589
12587
1867
4630
14934
6929
3400
9531
8454
16956
13087
6815
17968
14603
15469
20367
12240
908
13508
2549
10461
10294
20471
19622
5153
13664
18088
17186
17198
17354
14695
2423
7376
20277
15221
17950
16657
1816
3727
2055
14072
11496
18703
8775
19574
6079
17254
619
1719
5910
6065
15709
1658
7688
12757
736
7400
12258
6311
2323
16147
11385
16866
5312
7540
4323
4813
4307
9257
6924
3758
4641
8637
7412
19212
552
16383
13406
16968
5701
15199
3740
6859
10731
18262
20319
3745
13608
16679
12693
9529
20368
2469
10042
9517
4052
298
5298
10495
3409
19395
6961
19502
5078
12977
11246
13298
161
8447
8093
13936
19617
6508
4292
3504
1360
9661
1422
16668
877
9543
14732
12596
14432
13092
10774
16356
16740
5025
3029
5375
16123
34
5317
6113
9968
2640
18922
14722
16476
9452
568
19036
12237
15665
1337
18791
8514
12430
17815
20070
15653
11384
12534
7548
20421
1495
396
587
3846
1664
17660
8613
19867
3278
16568
2147
6385
9994
3676
11700
6734
11260
1947
13845
13144
6830
6953
13767
19103
10240
10038
13275
9971
18584
11933
12740
15157
5361
7389
16859
11565
5304
418
139
16718
10938
870
9014
4042
15013
14386
4542
15541
18285
20090
216
376
7487
12217
6822
15129
4293
15023
4185
13747
20516
10770
16626
14135
17100
911
15803
19587
3386
5472
19614
15959
11771
8234
14538
3355
18223
1164
16152
18863
443
1945
3839
6104
12592
5478
15550
3281
17589
320
15628
5990
19736
17773
6327
15552
3088
17077
1381
13504
11635
8869
2485
3777
452
12868
10763
3935
3881
3893
16589
2210
4128
4206
2536
19093
8778
12739
14940
24
12742
2675
18392
13085
19741
5356
546
15907
7976
6369
1065
13027
12509
2197
13584
18719
11166
10619
9132
18064
4268
17082
8353
11462
15316
7449
2894
7744
13422
674
19410
7988
323
17309
15953
11449
14383
3236
18614
5466
388
20573
11954
9249
11213
12634
17921
4163
10668
18367
2355
14042
5584
9692
7253
19611
14450
19346
14177
11228
14210
13752
20164
3231
14294
13761
537
18910
19457
14747
13724
18126
868
17623
13067
6301
12715
19552
18948
11148
6980
9201
20142
2678
8965
1819
15265
1935
15238
5721
14242
3625
11209
3769
9669
16175
16653
4910
11503
2
19507
2075
6188
16639
14495
1971
5438
7563
5501
3180
6694
9636
5923
4603
6648
14300
8741
12480
14470
46
344
186
16926
9155
474
17029
9438
12816
7647
5380
10015
14797
16746
8615
15539
19211
20080
12378
17463
11686
19808
19378
13310
363
14195
2258
16424
6378
19187
2108
6659
11258
3379
11647
2170
14536
15924
16965
19131
4038
20120
16158
3678
2395
19973
19361
4656
8452
959
1251
19846
15847
17146
17334
16563
19886
6515
14155
18451
6556
7108
10304
14205
812
12729
1587
13203
821
5605
15094
18068
10923
10684
18458
73
20352
12694
16681
15254
20343
10788
6158
1312
9550
11816
14394
20221
20302
2543
19391
5980
5674
4986
13241
19890
9206
7479
1907
13136
12424
16797
16048
20636
15886
10218
15373
15258
12717
19069
10834
907
6799
8218
14533
6727
12833
2106
451
20089
17180
18387
18880
5171
1985
4108
20620
9474
20171
4010
11323
18220
16076
17008
6891
11582
1100
13971
6404
14572
16962
13347
12706
11948
14221
4437
11919
19664
11781
2876
19720
8986
17041
2028
9849
17633
8465
3770
12285
4573
11272
1646
7166
8344
6416
17388
15589
16619
18257
9240
15922
16129
5640
19253
16510
20351
9778
9613
9901
1955
17823
3456
2196
17201
1165
7824
15855
10236
11202
3359
4728
5386
3031
9862
19995
11704
3848
14095
10242
4872
8137
13758
15915
15342
9292
7928
14881
8268
18090
13551
11694
2747
8967
4219
3693
8984
15262
9123
17438
15704
8648
3985
14899
11339
6720
897
5959
6587
5287
205
16479
3604
7523
14590
8703
8051
3416
8899
3762
15673
6849
10413
15285
12233
20266
10013
6927
13276
2731
17575
17391
895
4458
7164
3990
18564
6021
2635
18233
1350
10366
2905
15381
9675
6932
11436
1944
6456
3157
11138
3842
19929
18535
17712
12412
2564
10687
17076
19158
5313
9964
2049
7727
8505
14558
19748
4503
19895
14477
1426
5898
18981
10259
2883
4719
15500
16602
6140
16386
6881
17172
1373
10248
17931
5391
3032
17160
12306
14770
20081
20144
6134
7995
8543
10973
4652
4132
6612
1550
12275
4248
8349
18466
834
20523
13603
4368
10737
523
17384
4648
18933
663
4922
12950
11791
18438
9748
6003
17733
9628
11030
16224
1425
8333
3084
6198
13151
3901
1720
20405
12554
17694
17918
8315
13284
9698
1143
2462
10441
15140
5830
18343
498
6324
15898
4591
10665
14596
20240
14660
678
3551
14197
7432
9484
19099
19732
1936
16640
1920
2404
17360
15333
13212
13959
7585
12321
16041
12545
17468
11934
19900
5717
18857
17616
11641
19920
4325
8704
15452
6470
1225
18833
18361
18038
16477
18596
1514
3511
3919
16565
6427
8623
404
9629
2758
51
964
7724
5449
13683
6629
11664
19917
6282
17052
6248
17214
7745
11699
13194
6845
18530
1223
3
10422
12597
16374
13385
16526
11595
13008
13586
6768
581
9083
3786
13524
3667
17175
16156
5607
2800
5644
16226
286
7905
3479
3063
7814
1793
9387
13278
4826
6395
1742
6758
17455
2830
8509
12436
17356
8061
6660
16382
6598
18681
14941
8632
9460
2998
18920
13010
1908
1644
16031
18182
19966
1208
7943
3330
17538
13622
7046
651
12389
3593
10097
13188
20257
16662
6397
9954
4979
8403
3952
2135
19
2428
10443
2446
8191
4048
15386
6964
11748
20007
16998
6965
20166
3912
14088
5138
4050
18913
7053
18984
7640
16377
461
4237
9704
13854
13658
18520
1799
17094
13002
92
15548
17090
19510
17152
2002
6581
14595
5762
2266
5439
15698
9789
11271
883
3378
6278
10203
17572
5363
14956
14524
19567
1469
3407
6262
19597
1250
17799
17440
11361
18552
4863
2860
1627
3433
9209
6565
8385
3730
19919
10121
12583
5748
16592
8212
6656
10224
4661
12529
7758
3670
13149
7358
13632
7321
8575
5967
13782
2025
13353
14989
9871
3575
5003
115
9491
5068
2610
12862
6486
4182
2961
1087
3368
544
2325
4602
4644
17699
15055
20057
15965
19963
13294
17338
11608
18555
272
15871
8734
19692
18985
12795
15174
7741
10002
20321
4726
18641
12536
9146
9188
5201
9149
11225
14867
17579
3167
13674
16058
19075
2474
10247
3563
7068
7503
11752
9885
14680
12883
1160
496
9406
8890
4020
16071
10717
440
18241
2824
14434
15746
15450
15864
5541
3721
10946
10710
19031
828
3264
14739
16720
4711
17768
9957
18227
5421
11074
7816
11094
902
9219
13140
3168
1145
1611
12982
17153
14446
2319
1058
2799
19562
2234
184
8179
12893
14920
6374
3326
19387
1010
8185
2791
15882
9558
12539
20609
11158
8480
11471
13944
14366
2837
20005
6342
10428
1198
13843
3884
574
17197
11455
13383
18390
7185
12703
11120
13374
13942
16049
20479
15384
18771
6421
19642
19851
14631
6380
7542
15345
17368
17850
3315
15543
15540
9046
18602
16217
15667
20305
14352
6862
18909
4054
14389
18603
14442
7817
2213
20532
15451
351
2915
10311
14173
5067
18166
8823
9775
19204
4430
11585
13319
14362
12851
18685
14715
3303
16743
15721
2393
5168
4526
7963
19671
7044
13420
17004
9646
2682
17495
20515
8438
16541
1342
1314
12602
9729
13998
16588
19569
15779
2068
2409
3244
4241
14665
637
20499
12906
20246
15771
9833
3209
11626
3499
696
10234
13680
4802
3779
14522
15804
12944
18039
11553
6742
4867
1294
10616
8153
6109
57
9975
20294
5972
15827
4183
6422
13926
7149
1187
19912
2322
4780
12814
1158
7642
18958
3530
14666
8363
6393
7486
3439
16280
14981
5084
17725
13984
12117
15483
6615
16696
6168
3322
4411
17399
7266
6559
16574
6471
1943
20562
20255
7001
19367
6370
17743
535
12550
2649
5622
10214
17065
20115
16243
18762
20585
13652
9045
5360
19400
18403
4991
19458
6364
466
4938
7737
4138
12553
9282
7381
13702
20020
10479
12127
18415
8528
13015
7987
19488
1939
19631
8364
4109
8244
4223
9942
7466
2499
17279
15016
14704
1149
11416
10611
19065
11267
13988
19275
18770
1332
126
5917
17953
15958
19956
18148
16802
19723
15128
16145
6930
17682
12472
3703
8780
14861
20023
2819
4242
17913
14238
7643
7093
6732
18155
4150
3802
15999
2004
16796
1485
17419
1951
4789
12298
15229
14074
18019
11401
12136
2519
14148
6
5865
11484
20256
12460
8077
10155
1705
14866
1457
3160
7
20355
13706
12869
18816
17183
13228
11610
11682
10950
7978
2294
17787
9053
18676
2719
6083
12180
5170
1267
13820
14071
20454
683
15988
1156
16247
18811
16464
1969
2693
10323
19113
8537
9536
9635
12313
10526
20072
19509
4176
1113
4781
17299
19401
10036
9429
10610
5846
125
1545
5911
11490
19825
906
9278
8650
1347
5266
5613
20298
15366
11078
13026
12612
3136
1050
5939
17842
322
3184
5651
20542
11698
16198
18425
13106
548
7611
17988
2965
4298
284
566
11551
20440
12019
16466
18393
3243
5302
11283
1108
11100
1594
20517
3742
11703
12805
13402
7330
4008
6450
20292
4386
2679
7823
6617
16022
17232
17150
3572
19634
14717
13314
8571
11356
16215
8444
13714
17563
2398
16716
17644
18030
12148
7546
6027
890
8776
14822
20554
6237
11103
14754
20613
5130
12751
15794
15744
7077
8707
4549
18527
16400
15306
5950
2785
7069
7892
11332
16137
17420
19042
12555
9237
17884
1938
6618
14014
1401
12919
18908
16270
4006
8838
1239
8843
8997
3590
7270
14252
15641
1833
9312
4762
10814
18469
11529
6798
12380
17613
5547
7241
2278
14744
3871
3539
12644
4427
13000
5615
5826
4135
1543
18780
11923
14958
4535
14076
3722
15429
6001
4905
10617
13394
9422
13399
6602
4668
4623
6084
4126
18911
14725
6647
14980
11256
8485
11901
16303
2705
8695
11659
11507
145
18697
11663
9159
9662
18777
10397
18728
16223
17681
3707
6261
15165
15329
17547
18650
11770
14497
12280
10794
18134
11249
6226
10644
19970
3460
4747
4615
14046
20058
6781
1142
18442
2937
5633
11671
1551
5805
19526
2571
381
20501
714
15875
9007
6851
18968
3469
16335
18667
8335
6458
15011
8682
3074
7380
14682
11282
110
12166
7336
5414
7121
13585
127
12515
11077
10329
15314
19735
11306
11841
7257
11314
7065
13145
10497
11914
17233
15711
3789
716
17580
10465
12939
6119
4422
6823
10565
10375
17740
8068
19003
6878
9609
6821
12432
14288
2162
4266
16819
11270
6861
7055
9344
4087
19910
16704
5388
12531
1885
11368
9441
18418
14523
12731
14947
19448
1023
12224
16629
3424
9158
2243
12723
2660
20384
13293
19582
1369
3001
86
6365
7564
14668
4517
20178
18824
16372
13104
14555
414
5694
7884
19249
14689
9732
7458
8554
19635
927
408
19860
19098
12304
16649
15075
495
7613
20300
1458
487
4160
12149
16885
8195
3380
17034
2497
6252
4940
2534
15191
20273
15240
700
7192
19298
12917
8163
5639
20588
9451
8539
12763
6246
6328
10961
17457
600
2503
15251
6873
14343
15928
13449
13498
13517
13911
14820
6718
403
1461
1059
8022
10103
7732
10299
11860
15632
19332
14643
13864
198
5196
215
1344
14109
5397
17716
18501
7269
17409
15812
19451
7610
8585
12880
12864
3290
4673
1439
7424
3746
16778
2947
19656
253
9025
14063
9683
6245
9069
12445
6182
1968
7887
3659
16674
1044
2763
3748
12069
12838
10764
10001
10150
9448
11960
17374
7937
11661
13483
5261
7438
15788
16853
11324
20205
16159
12540
11123
3677
7832
6938
14618
1573
1932
18954
13580
9659
12713
6101
5204
16099
9582
2465
11838
409
10802
14842
10353
16836
20335
3158
18513
1702
14856
12959
734
5668
6756
9857
7989
20315
5123
14698
13120
7603
12652
10169
7682
1858
687
5408
12590
5880
17609
3756
11880
15189
18081
13187
1343
6010
15136
2508
8979
9807
269
9648
3618
15081
3904
8720
2643
19317
15607
13316
20356
11495
11000
19639
16762
3658
16670
15636
19279
8167
2994
6976
8560
720
17643
9256
8808
6755
4808
17363
3892
6605
9696
19663
18172
15695
7543
10895
14212
9086
17702
15810
1104
18433
20557
16148
9093
2385
13081
519
293
19930
1026
5625
8529
19079
19598
397
14486
11067
13258
15956
19337
7862
220
11118
3953
3163
4142
1848
6436
7353
20275
14905
14235
6049
18636
5789
3389
3012
8475
14601
14661
13141
13337
7066
10593
13336
9084
2766
4120
5200
17635
5462
1549
5017
16903
5061
1713
4647
9548
3367
6058
200
5413
17723
2783
1917
16643
12984
11966
12091
16114
3870
18029
17817
18633
4906
20111
7168
7828
3602
14779
12047
12697
19013
5581
16571
16888
15937
14122
3830
12780
3417
15402
13230
2922
4804
19357
8170
835
6008
13542
5118
15288
10463
13453
27
5628
8877
8714
3654
11451
2781
11391
13481
10797
14053
9983
3924
8611
9199
3715
5125
19557
18336
13065
15465
12318
560
2668
6797
7678
17912
17260
12908
13445
2997
2504
17727
16818
2990
1710
19376
3755
9859
13090
16418
19678
2976
5534
8945
3258
831
11723
17465
19593
20078
4776
4101
10054
11373
1330
7064
20502
8131
3697
11205
13962
18899
16083
10369
14003
17126
17501
11013
7495
16927
3970
9367
13122
9645
9313
3688
10674
15304
1631
14034
5146
8562
15099
7858
16274
2085
7287
13487
1112
13813
17481
8490
17940
3719
7087
10459
16908
11214
20380
15955
4265
18680
9693
20253
9079
2157
18786
2578
10918
10838
7519
2275
1214
8112
6739
16555
16741
4264
14496
11216
406
2040
19462
19779
14888
555
9503
10006
7201
11217
8035
14892
16304
5610
17825
8882
6829
2813
4003
7844
5618
20082
4567
5871
19802
16235
4856
11002
18347
5775
14622
9191
15508
17646
12011
7298
17266
16040
3269
10833
10460
2595
2022
1630
12863
6993
16693
8273
18026
19623
2298
904
9281
17938
6161
10505
8014
15661
12803
5337
12457
15736
9651
20156
3829
19994
14777
567
10685
14761
2583
5139
13076
10346
17499
15925
3275
4714
19730
2723
155
10738
16548
4061
989
13582
19224
15490
19261
20026
7019
10556
5111
6372
11520
10858
11344
9587
18402
14043
6504
8323
8474
8994
4635
16879
15966
13237
19832
13671
12762
4793
9340
2806
20402
6539
18062
4472
17629
4588
17917
2906
6389
4790
10916
10872
2209
2929
3714
15444
19200
19559
5976
16659
12897
14184
7669
2426
9378
2059
6588
14439
4412
15201
14534
15616
2231
17074
2176
20332
7710
8518
6703
16712
17978
17086
15978
12521
3002
18532
20581
17253
20418
3724
1264
17930
16038
6776
254
8460
15985
16238
10168
5053
14518
5199
14183
7762
7813
13875
4226
20195
3640
4834
4396
9926
4470
1994
5141
18523
10589
7920
2881
10071
7685
16500
15433
16509
144
13387
7734
9034
9841
16748
10598
15317
14526
15079
19763
2387
9505
2667
1189
1117
6974
14700
9518
17916
9756
15098
15735
6792
6287
7918
15994
18684
15927
1753
16586
20056
4018
830
18221
10933
18127
8832
5327
16364
3453
17980
20564
754
13118
12934
9151
5636
11333
11039
19551
7728
11556
4534
4725
7267
1874
1727
4828
9495
5727
10208
120
9996
15984
7594
18024
16391
2191
1897
5737
14171
20639
7040
19020
12431
14385
11922
12517
7763
12804
3455
18296
1841
8859
6376
17867
1209
711
2235
18226
9771
15172
10267
1826
9834
19455
10570
5919
7235
12541
13434
12403
7229
2810
7274
11233
969
14672
4777
10791
11817
14228
13947
18199
13414
905
19604
1673
6462
18550
12692
6253
7592
13201
15060
3048
6790
303
1085
8199
7799
12387
8001
5344
18008
11543
11523
13629
1111
20361
2466
15881
13783
2246
20015
8451
15620
2245
17145
882
15287
8786
3585
11129
5854
18131
5242
12871
5587
1091
6074
2672
4556
12855
81
18408
14057
6031
10126
13520
7488
18805
1069
7990
8140
7701
17628
11539
10830
17400
594
543
16331
14897
5614
10893
2558
8750
15783
10340
11547
11666
6263
9134
2208
7600
19529
4000
13784
163
15919
17936
10365
3710
105
12581
7972
17942
20157
4299
11677
19100
5795
2716
18834
20303
19023
13197
4490
2120
7111
3610
10046
536
15680
14114
16423
7214
15417
8216
15676
7396
1273
6951
12846
10453
1150
1653
11459
19137
17989
12000
14256
258
15057
17977
6535
8429
11127
14204
9241
13996
4760
7936
12039
11135
15770
4066
17987
4947
19675
1591
19041
20148
11128
16874
631
2538
19283
3552
10940
10962
528
5286
19341
7842
17498
1775
4141
5364
9296
18717
15634
1074
15801
20338
3447
19027
16144
18883
10195
15867
18194
18832
7242
3674
5524
9525
5234
20154
17985
20086
2544
8350
7057
3318
12182
17875
8251
10190
19077
13574
13880
8453
4349
1990
7864
309
19589
2146
13166
41
469
9445
8956
19531
18487
18448
15135
5423
20272
19609
6379
9610
3042
189
14909
6836
8624
7609
20325
15856
17802
10817
20349
17282
15158
13660
13318
11730
12673
14759
340
1159
5899
16181
20619
20242
10260
18305
17475
17351
9725
816
15419
1707
14763
11824
14005
17430
19654
405
7580
6051
8037
1041
19724
17085
9092
5310
2718
8325
5820
12932
7800
7691
3631
18291
20616
17317
18346
16180
692
9633
11750
7833
6589
15522
2448
8450
5686
978
11799
12891
756
18058
14765
2420
12945
17212
9810
1127
8202
17042
12283
3065
18793
7808
4083
16985
10835
2014
15025
17535
15212
1396
7804
9717
10519
5228
18461
4318
7160
9921
19362
2492
15168
11511
18498
5604
13914
11107
845
13703
8791
15428
7029
4249
1520
5277
11929
16523
19066
2242
13841
4977
4928
5653
16540
17460
9483
1090
19524
17273
19055
9205
16689
1988
960
4904
2645
6705
11681
19365
6817
17110
4993
19308
14265
803
14258
13915
10448
12328
19295
12622
1716
18164
19245
19058
19855
1445
10179
1083
9697
6545
15036
9008
1442
10500
18891
19165
3116
11957
11370
938
7408
14225
11182
3510
4279
13771
9105
18317
19445
60
8753
7551
9611
2505
1672
19324
10807
16711
3422
13679
5291
11493
12493
1455
10892
1060
16165
2359
12205
7143
16757
15003
12648
5259
16673
5519
5014
19706
13647
15976
3045
15509
7231
3401
20347
17820
20244
4320
14038
18677
4562
12052
19936
18598
11453
5256
5270
5051
2772
980
5183
17005
15138
3050
13356
5821
15252
8654
20565
3056
1929
5542
15627
15975
1114
14165
18052
12603
462
13086
958
59
1153
7339
19877
5208
11096
7125
14272
14121
20336
13934
4525
13625
17895
10520
18385
633
2192
2043
7604
20578
19318
3573
17515
16587
6901
13300
2657
4473
14906
11614
16416
7100
8400
18959
20452
6298
17617
1287
13886
9074
6585
13872
19396
8519
2432
5901
16334
9127
8561
10269
6267
5870
11222
9980
14612
9684
14023
7747
2303
16286
18366
18597
8260
1302
7925
10921
18314
8300
8866
9967
1045
18604
18844
11438
20403
15145
8337
9608
4408
3906
11124
20282
10186
15505
12973
17700
11953
18544
20103
16701
15269
12122
6679
1325
10159
8511
12081
15935
2475
17747
1379
2818
15685
9864
14408
14273
12140
15884
8358
1861
11150
3637
14705
14333
18456
2202
3900
14326
6257
10971
8520
11412
7022
11046
3632
222
12326
6344
11602
5215
18484
15891
5032
10985
17138
16154
2449
20602
18772
10925
1353
2776
3164
20448
15947
15681
19425
3263
2392
2971
9763
3108
6197
8326
3976
10233
16658
19152
17088
4395
2995
10969
16641
10051
6439
2181
725
3428
11027
10274
12029
18059
16655
8245
10067
15360
8005
16087
1708
14642
9266
9854
20263
7247
2827
2889
676
18664
5122
1290
14992
7092
10333
20595
1095
5973
18269
6573
8025
8000
13032
12913
14325
2219
10264
3914
3396
4130
3493
1763
11033
8078
12490
4211
931
10876
1298
8693
17190
19429
2227
4461
16302
1842
18716
4787
18740
11738
12358
20617
4827
11320
13222
9289
6272
276
3879
7782
19923
18718
6106
5389
20135
2627
15006
8087
1307
18800
11717
9040
10906
17500
7220
1483
20461
15679
657
5735
11418
18159
1249
18404
1706
13856
925
3781
11822
15593
3844
4998
17200
662
17593
16246
8311
13768
8662
2220
13754
18485
14728
14365
5995
2174
8765
17655
17710
11532
4501
2867
10846
515
17673
16983
3219
12929
7275
19668
14634
10350
8563
17003
13597
20304
20632
14339
11863
14626
1089
11281
5405
9314
10244
19446
4984
12447
2553
18642
20427
15311
3066
3406
10521
3162
8871
7807
14764
1377
738
14753
6609
6454
5137
16367
17386
17803
788
4996
3861
5226
15518
12450
13570
2236
4375
9057
12171
11739
5233
16605
3541
7772
18872
11045
4051
5343
20161
18508
12530
15353
6469
12286
19997
12215
5319
16598
9361
7461
9252
10663
7119
15219
9071
10857
4903
15321
7700
1670
18003
18490
6977
3254
9844
15822
17027
7480
4452
7991
18253
570
12335
17822
11744
6179
20371
11853
7289
9301
13386
12162
7489
13545
9522
1849
9571
7715
9006
16995
2664
2453
7598
10295
91
16857
6500
13379
4759
17089
15488
10818
4450
1718
1766
333
16141
13589
10537
16203
14970
19494
12343
6926
18441
3382
7659
2714
4443
19962
12962
13111
16157
9713
5827
10212
14786
15422
13266
15106
11095
8321
1693
5157
16108
11114
4580
14768
17118
12955
11729
6394
10351
7921
15701
16312
12245
11131
11227
15950
17366
13698
15424
14217
16407
14652
17217
19352
17649
18682
13441
5426
121
14877
19426
16212
13131
15277
17450
3358
2151
7881
20287
6811
6633
10371
18690
2634
18663
1233
13548
3000
3036
5362
7117
10050
7779
9198
12386
2726
14611
977
12331
1407
8616
7347
8064
11644
13491
13696
1009
10117
7516
14736
16468
4088
16647
16092
19563
5490
6159
18032
15495
8135
10861
20158
1796
20600
17353
5802
9388
1464
14013
8261
12139
13659
8149
7851
5082
7045
2349
9091
14078
16876
2138
5922
14170
13193
15782
20509
12649
2168
7956
16385
5556
17043
13974
484
2888
18875
3352
18835
18709
14355
15662
1536
4341
13358
17834
12844
15346
3071
18121
1339
16353
1675
14545
4944
15332
11375
9803
14926
6775
5018
12926
5997
16393
17222
10288
4105
17819
19271
6281
19497
7190
3971
17583
2983
16788
9586
8582
19688
2528
14854
13694
19795
10964
2954
1242
5132
2728
7696
463
17821
6059
16028
7118
20322
8556
5710
16140
18364
11634
9204
9762
1894
13742
2631
11927
6909
8445
17798
4361
7097
12552
18478
3767
5844
9125
14456
2802
16240
4199
1204
2468
7683
10510
6295
2139
11337
8635
2072
9828
14817
19789
3685
9673
20396
398
5758
13066
14810
4553
9005
14137
9454
2495
13064
2020
11549
88
18841
6233
4962
8951
17862
12488
5907
4332
18307
14474
3070
13132
12841
20638
9405
1606
6437
14098
4457
3691
1941
16161
2600
12873
17143
8421
11540
13949
1541
16734
1881
17943
17625
10751
18652
6939
19803
10101
13786
14960
16724
6143
5339
1465
5779
11830
7460
3557
9991
16721
14514
2251
10049
20258
14607
15363
9701
17158
11380
8713
9234
7675
17634
5202
5411
17678
18656
13663
20280
6594
19366
18301
19385
12756
6121
18125
18540
9291
3603
5294
4388
19492
15545
3966
18158
12643
13979
12440
9165
6814
5586
4145
5090
19476
18174
435
8841
15563
273
9261
19699
19695
11964
18627
4713
4508
18554
7751
11152
18471
15208
18389
1102
10045
10564
12559
19696
9664
8640
10402
13089
5340
1
5004
2253
12533
1760
149
17782
11727
9540
12013
12485
244
15087
10855
16370
3560
768
4267
8373
8028
3466
7309
13840
13107
11172
19844
13620
4849
16698
1329
20155
5928
5289
18790
1991
16366
9658
11458
4785
3540
12061
16327
7942
16306
9909
14047
4680
3915
14100
18887
18468
17598
19134
15645
17246
5074
8208
20459
11985
1771
19160
6007
8614
14312
3696
12433
17151
4654
3017
9290
3057
9572
13712
12785
9309
16938
7325
1808
8275
8397
14784
9568
9019
6828
19465
6779
16350
9882
2439
14910
1448
9273
13014
12771
12411
12474
6355
12428
11855
18271
7589
16291
11076
1029
6032
8104
10574
18506
16591
5043
4354
19354
12736
1888
1279
7023
6842
4263
11600
7335
5192
5909
13398
14336
7641
14879
14032
5809
7617
15510
4506
20274
17373
6994
12367
12813
17736
2573
3046
9821
10205
4161
14638
12106
15042
13710
2211
15054
7780
20508
4032
14481
8314
4118
12177
5819
4393
1800
16027
18213
1982
16774
19542
13836
12892
18694
17754
18500
9914
10124
19274
3067
3797
16700
16042
944
9679
6683
6321
5197
7292
7894
13217
18768
15496
8177
19129
12733
998
9547
15231
9001
5009
7898
15612
18014
1428
19787
1036
15073
2812
19294
9425
3212
14163
10841
5965
18236
12168
20540
19734
2473
14192
8146
3101
4379
19711
3478
18969
16472
7155
1914
1257
5425
12670
7384
19945
7616
5739
9561
12832
14156
5829
10824
16580
3253
137
7596
9280
13007
3282
4596
3695
19189
15028
6345
12610
1197
15674
14262
9230
263
6816
11029
8744
1895
5702
19254
5299
17858
4805
2403
11579
1253
12721
1792
3584
18715
14762
10577
6048
6025
12374
17425
8124
1795
6614
11238
16134
15421
3709
4758
4210
3293
13673
1821
6749
3732
4920
9502
9098
18496
11031
13746
9186
15732
12238
19133
19647
18986
15021
14922
16717
5314
2006
11452
18027
13425
12931
10409
8701
1404
1301
6392
15526
610
4754
4416
1231
11510
17181
5176
486
6068
4612
9060
9615
12766
12322
5387
14311
1067
1213
8383
10090
20117
19616
1336
12836
1132
12902
14000
2833
12210
16094
8660
20414
12701
10107
13345
16454
2203
19947
4255
13707
6763
8229
11897
9097
16139
3235
5468
4769
16608
9574
6819
13214
247
4650
7538
11908
20514
12496
11756
13993
19786
13910
15214
4257
9753
4574
2171
6501
11037
7657
5080
17695
19139
3394
10697
12259
11502
7637
4894
5258
10543
2186
13428
13299
14805
18151
4783
13109
14209
19624
3785
7112
14416
6740
5434
11518
11115
6810
15603
1356
10646
11174
20069
10308
13602
10735
1077
6723
17066
15371
2746
8484
3537
18055
19684
19868
14844
15108
11430
17516
17414
15357
12292
18116
11590
6114
17508
7148
4613
11662
2917
8052
3089
15001
3887
3614
11640
988
7868
7196
17365
15672
15749
8305
12632
18903
13928
6567
17975
9972
8617
7409
8681
13430
14351
10293
9872
12252
17379
11443
18295
10532
12991
20211
14929
10853
1532
1313
12690
14480
4387
1478
11487
13227
18736
3346
10109
2753
18339
9780
15067
8477
11024
670
1043
13264
13265
10942
15284
15954
10317
10216
8090
5028
1600
9892
3647
1759
13823
3954
17339
13295
11360
1075
14190
11407
20443
7867
5189
14227
8678
5961
11596
15890
8099
10702
18765
14464
13501
5365
11212
312
1056
9434
12345
18169
14998
18976
13198
2619
13902
15313
1698
17015
16703
9678
19718
12209
5678
8657
13531
20498
19750
19893
10335
3336
14146
1178
4019
10762
18744
17648
17886
9184
15017
16909
18416
19499
10079
18054
13665
17882
11800
4377
1506
7901
7078
11084
16435
7559
6868
179
19246
19669
17925
718
3718
16963
11244
14463
19816
3175
6853
17467
6034
1482
15559
4572
15533
17211
19628
2968
11399
17017
10252
14971
18581
9546
15585
12005
9324
1183
17924
13526
12152
796
1278
13670
8708
4880
13108
9553
15565
2114
8120
16272
6712
8928
3130
556
5526
16295
8253
14841
13057
7016
18702
14505
17439
14621
819
252
557
1435
524
17995
12257
14789
17811
17728
13588
10944
10200
2122
10879
16831
16025
17355
16490
9176
17178
8798
15971
13805
1724
11828
11814
8641
10106
15427
15865
12231
15870
16310
7227
13038
14826
2773
19937
3558
15391
17906
5020
5120
18940
15253
16660
12820
7467
13499
7949
19092
903
8152
16991
18357
15340
11218
15162
20445
13847
2980
16901
19319
14133
13861
10693
2757
2908
12126
185
13744
3385
13034
14178
15876
814
7379
2394
3818
20030
14354
18133
15666
10206
8865
18041
20045
1764
136
7313
10694
2722
14277
19672
7279
17113
1884
16408
13562
11852
18344
7245
106
18514
703
3388
20394
9773
12777
6306
4643
2751
12200
5145
2532
14164
18534
17853
5992
1739
14475
18779
8829
16779
18730
2256
4583
18356
2401
1758
15696
1383
8493
17412
3119
12960
14887
16880
12940
16231
13020
12442
8819
4586
10915
2900
17252
7310
82
4302
8670
8294
16276
16531
15351
18293
951
1916
1679
11742
11229
10059
8507
14544
12281
19316
15378
18950
10358
20416
5169
18509
5164
14516
19233
13822
4110
9384
1928
10362
2546
19935
5956
6684
9858
14
4702
16063
9563
526
4284
7626
85
4507
17947
15515
6571
19827
15335
8237
13474
17006
15160
4841
18945
8466
15343
6356
11406
18572
17269
17651
562
7318
13083
4737
13039
19351
3876
8790
20450
8116
13829
14586
17316
3182
17231
4631
15392
19974
8783
11864
15596
346
8567
3543
1331
20198
9
4207
7869
15888
16481
572
4410
4698
5377
4367
16630
7382
5251
11289
14532
302
15889
525
17179
11916
14900
4232
1269
1636
1363
19126
14180
3624
11809
16018
1788
14079
12759
7422
11989
9195
18394
5338
4649
20237
16014
14875
18515
19236
9062
4844
6590
18949
3402
20422
2523
10444
14476
8930
12362
12900
513
490
4718
9719
5579
4064
14838
7528
20184
10432
4471
5179
7651
10481
8860
6170
14340
13634
17236
401
20548
13352
4103
5920
9965
2898
5460
12792
412
12520
12569
9904
2482
10587
5099
3885
20232
7861
9489
20190
17749
17860
2903
14374
7671
5015
13997
19112
3524
6789
96
16632
1403
56
16420
679
5878
17213
4658
3766
13357
10700
9162
8926
18874
19887
15453
3383
20290
11557
12096
1466
18137
9685
18135
3403
5217
4950
13898
6349
4589
11017
2346
10085
12467
2741
15347
3913
10125
9196
855
7465
10334
11040
20582
6569
8334
10986
6871
10934
10544
5970
18761
7434
2551
16392
10239
15670
11667
14709
3404
8946
4352
1768
10624
19018
18061
7567
6525
2454
4370
16232
17569
3451
9154
3793
5706
17552
11009
18545
981
15558
6876
19393
11638
12282
10450
11450
2871
20091
8317
100
6118
20391
1794
1958
1210
14255
14236
16485
13283
14684
5083
7471
13745
11485
8057
4575
7897
13541
2167
7505
20162
10867
12112
7712
10795
14735
2691
1825
19421
2313
16738
17149
11153
2205
20625
6274
17401
6950
2481
4374
19138
15600
18287
14417
9535
8527
15282
11444
3958
550
3061
18574
10880
11316
6695
9952
7764
16737
8316
5714
1927
11570
1669
9358
18417
11042
12179
14756
18340
14673
13054
5450
108
17525
17485
13810
20021
8801
17840
14154
8985
4243
12547
19164
3026
16209
19311
11766
11813
282
529
5474
18706
465
20132
5904
8854
4364
15964
9239
5095
3239
14049
8606
4441
18192
14064
13684
8870
11063
19781
17295
11251
6153
13951
4115
14055
4122
2297
8223
1094
6409
16236
10040
11330
15809
5515
8257
12779
9167
1429
4310
2342
3135
6196
9935
654
15553
3702
17852
16379
13051
1348
12994
11803
14471
14937
12872
20270
11963
1172
12023
20262
4829
11740
18057
3567
3448
2924
16784
3092
10851
4236
14472
3166
8279
18315
1522
3502
1446
8535
4985
11439
15334
13243
3865
4147
9724
20276
13259
15621
8820
13426
12057
12825
19292
7258
19591
2829
13509
13315
2798
426
16452
17919
9944
1685
18746
6632
13677
5816
14424
4751
14655
8301
10997
8043
25
4294
19670
8592
17741
6022
3713
7083
6957
3113
11231
4659
10081
4889
19025
457
19873
14580
20231
8013
15322
3628
5930
4978
16336
1690
1806
15601
10477
13540
7297
15448
3361
7311
5127
13267
1728
2344
13932
19905
7933
8409
19121
26
1787
4012
9295
5879
16044
4901
12056
7825
9455
19928
7520
3679
13146
646
10995
10368
10859
17389
19469
8604
16121
4927
8907
584
8371
16691
12791
6895
19302
3233
17036
3859
13550
20126
955
2988
7947
14337
14948
15610
12462
226
11552
10241
15990
4197
748
18444
18170
1814
5430
6147
16590
16912
8726
7213
14688
14415
14134
9085
17169
863
17585
7500
19784
16194
13482
869
8082
15338
17219
15019
12062
8396
7103
11713
19323
12221
10277
16599
14364
14870
4502
17996
415
13427
3252
10068
5124
6142
20365
13366
20174
12662
16651
11047
19659
11716
16093
14485
13128
203
7767
11145
14143
15443
20291
10419
11460
13518
2066
5069
2979
16613
10929
4399
6492
846
14058
17969
19094
6041
13309
13927
1528
10908
19475
10170
19162
15166
3325
14983
16191
14115
6085
16260
3238
3705
8759
17533
20364
1835
699
6209
3701
20152
1643
3951
6047
862
615
8298
2496
12076
10093
14577
14965
19144
7627
1629
6259
4840
17762
9524
12192
9315
17658
7172
19579
16267
9887
4017
14935
15297
2689
6100
17864
15581
14391
18838
4098
1355
3429
18237
13489
16600
10286
9506
3644
5790
607
6507
12187
15010
13307
16003
994
20466
16642
2144
1003
5148
2224
4099
19226
8725
3706
8742
9072
18110
2767
14758
14790
9254
15737
2931
10187
5574
15821
20297
5966
12968
15631
391
6451
6872
20288
18655
12351
6686
5432
13496
3338
11633
15724
15858
16034
6097
5757
10280
15027
3098
20627
13069
15837
12503
1601
10238
2491
1824
3800
2895
9393
1624
6309
16441
12219
6266
14276
13732
5621
2788
9426
6316
12287
12160
14944
19772
467
16403
16432
19347
9691
17654
5998
9267
10472
15861
3782
5803
1769
11555
17220
7602
1062
656
230
15403
18566
18206
9842
4822
13493
13208
5794
15833
17755
17267
2762
9179
3194
2866
19754
18526
8816
10220
131
11154
4819
14345
1701
15473
16402
9557
1288
7315
6339
18099
2890
2918
19792
20376
17128
3005
2444
7301
11567
19416
7375
16987
15415
11066
10471
6050
6080
13455
292
10736
6541
5113
12656
3731
13812
16521
1878
13490
10681
10634
6269
16437
12099
20099
3525
14830
19594
13281
16001
5322
6707
11336
1856
18806
6190
1201
1024
3015
11672
1277
11939
2698
10662
2992
1887
3946
18867
10153
3294
5518
10754
14357
14012
8888
480
8687
2872
9203
16840
2188
8056
11292
6992
9242
2622
14073
6099
1295
1053
3501
12858
19530
915
17272
10035
3034
10979
12263
18474
2989
11772
775
8023
813
9412
14428
11787
708
514
19916
19931
2498
1163
17038
5282
3616
20385
7392
10873
17161
18766
36
15456
18623
19127
13510
1942
10480
15547
2977
9308
3459
13172
12437
6466
14633
11715
14635
675
9652
8175
17115
15795
5768
10209
802
3522
266
5585
1837
8487
19804
17992
9816
11237
2556
8491
15183
16173
12865
11837
859
8874
6706
19495
5459
19339
7138
11221
12227
4080
10339
349
204
10967
5592
6907
11071
14975
11147
255
2476
7088
7041
6035
17483
4397
7474
554
17492
11685
12147
689
133
18960
18748
5041
17345
7176
19972
19442
10903
3983
10917
9612
1709
15056
11722
11754
7163
14348
6354
19359
6055
13884
4324
16463
17176
8399
18146
15743
6941
5216
3535
275
2973
10671
18756
1049
6078
2748
8366
4550
4511
12651
1729
10711
387
5582
7587
15741
7633
14441
16446
9514
6960
4401
5877
10263
7665
11524
1409
1820
10603
18707
1042
784
11572
3277
2839
17311
13292
14112
17641
1388
16566
4578
1940
3591
6673
3268
18012
13497
18497
3663
7582
7131
18007
13311
6468
15216
15546
16005
16923
16308
12613
13389
12582
3837
10516
18412
16844
1182
9148
8347
4833
14755
20539
10273
9541
10062
7411
10968
20558
19000
19978
7536
10430
460
8003
17887
11329
16747
2630
19263
9589
5863
4743
18877
10399
20252
5372
11956
10629
19481
10083
16078
19327
13373
10466
13640
2581
246
8918
2861
3749
4825
1538
17458
18098
9228
15769
4001
14697
19996
4539
20344
5022
18902
12274
8503
541
11706
3221
18118
2777
5566
4892
15995
12022
3093
20074
7451
15467
19625
17204
18767
11955
9916
4421
13459
1663
2318
9415
9933
7929
16862
14187
16120
4153
16106
5852
14414
16892
13179
9912
12230
9999
16499
16131
4753
16480
14329
5982
10325
4321
5553
987
375
20121
16969
5660
4240
6616
14083
39
9672
586
8496
18994
6015
5140
19564
3311
5006
19434
573
8406
3615
685
3284
17016
342
8736
1553
10056
20538
12414
5031
8957
18930
8536
17734
7250
12048
20360
7283
3373
11139
20202
13870
1717
14565
2671
13365
7957
17447
3960
2104
1258
9207
9090
13788
15580
6020
6177
20399
3123
3131
2506
14140
5815
11594
20583
4730
18426
3392
12802
6243
8083
19590
12159
10284
11001
15458
20025
18691
14848
6899
20188
6835
14950
6942
20175
19968
10672
5505
4309
9510
10087
5705
8157
16112
2026
11757
12218
12248
11680
16843
5985
19952
12882
13924
17136
2074
15980
13579
4622
8873
18383
19105
6241
18132
8572
7969
10488
8577
17540
14798
8966
14974
6514
14721
19756
324
20053
17541
12046
15852
15102
15818
9830
14525
1432
8130
5764
14418
3426
19141
1320
2095
815
5723
6580
18757
18536
20160
15527
12342
4451
7908
7535
7140
10018
2418
13757
10396
19948
753
4967
13250
20222
13078
8053
8638
7629
5598
20424
17511
8290
10112
520
6428
5769
20451
164
3025
10865
13075
13667
445
20128
7716
2312
4235
13890
11470
5184
5224
6995
13253
7866
8246
7296
12070
15700
3146
7708
849
6335
7714
17028
15359
15349
10705
8834
15714
5825
19014
3997
1013
3911
2032
11318
6208
9055
12100
12360
14871
13720
20008
18179
19388
3480
20426
18906
8751
17359
5246
11204
13255
592
256
1306
11446
16524
11669
15239
6315
9627
18998
19953
5275
12916
7653
7291
1243
18434
267
12824
8977
17934
15436
12828
15279
10147
8176
12575
9316
12379
6536
3308
5136
9329
19097
12439
6666
15470
7102
3072
8789
18754
2721
19373
11869
17774
17361
18452
14103
3867
2490
11410
3886
5509
5484
14037
16648
858
1544
929
18005
13479
18258
3507
713
15273
7307
18830
6999
10223
2299
18006
15829
11980
3996
18696
11435
11616
1779
14706
10232
12119
17444
14488
1844
16494
17228
12097
18254
20312
17510
4794
18087
15626
17833
8991
9832
15817
16279
5278
20102
8938
11509
17675
3203
9424
2856
8329
3319
11091
1358
11352
15802
9178
18558
7853
6519
14301
8089
17141
10070
16448
12642
6791
10749
3768
1305
12066
18143
15759
19733
6293
12760
2816
19005
1584
19432
5117
1803
14423
11958
12034
8559
9532
7239
9142
5433
7262
10411
5669
4084
20033
6029
4186
4402
18573
4860
15981
10467
11415
19466
19626
14124
20468
128
9462
5250
18982
5953
10386
10313
1443
18141
10283
18381
14458
8688
14839
17874
8049
1567
9082
19083
4498
345
15702
10530
1136
5833
4893
4447
1135
65
17955
14510
1338
11674
16533
8631
3370
19268
4203
8109
10772
8510
10647
3179
15223
8594
17904
11308
1823
16584
3568
10780
14082
18405
19858
1265
14738
2078
18145
8357
18168
10708
8574
11786
9733
17271
1171
6482
6459
16055
9396
16467
19982
8699
1412
16929
9066
6751
9220
20393
2470
5583
12247
17837
18212
8259
20415
6657
531
13236
16111
5230
10491
10257
44
4592
13431
16661
3360
7456
8201
12722
12647
13737
8679
18255
6603
7888
9476
14925
3442
6716
10504
9817
4513
9504
4916
14338
19244
15752
2991
6903
7354
12619
5005
6801
18379
11170
3006
15913
6496
18142
8868
2853
18809
6649
11036
2623
70
1537
50
20250
11422
3920
15605
6408
16808
17806
7162
12996
11859
19983
9805
7170
10849
15939
11350
5418
2707
9676
12698
19909
12016
2214
16826
19169
4972
7436
201
2934
13175
17304
7766
1199
8042
7831
6149
12829
2045
1238
11008
17223
8026
5946
10078
19984
13933
10595
9598
19998
14946
5093
10449
17020
16288
17121
18970
1714
17994
8584
6874
16263
18282
9940
188
12787
5890
17594
789
7706
6738
7577
9577
14625
1590
10591
9118
19777
19746
17474
16047
11506
13182
11437
11891
15299
8291
11185
8159
10993
5999
13849
20430
13578
14741
786
2572
14031
18447
2654
8151
11724
4178
6931
3150
4540
15149
18926
9351
17719
8524
12244
8108
20561
2599
19438
5691
3299
16213
11903
8066
2521
6330
17739
9033
11829
5150
10677
15063
5873
7285
17064
11535
300
15979
7031
4159
5422
12063
3753
8127
11639
1456
2560
19838
18214
1299
15074
10149
1815
19824
13312
6560
645
17732
15308
1395
19540
6566
17998
15337
10583
1246
19287
18645
2206
15186
19823
20042
15111
5497
14701
6023
1072
14840
6221
10163
6827
4492
15466
8668
7922
11577
10768
6431
11269
1789
7623
18073
400
942
4796
3957
19843
2850
1236
76
1408
4601
16656
9847
8831
15492
19199
1745
72
14182
4112
307
15573
19961
10378
12920
4362
2091
7188
8974
4394
11613
15107
191
13803
11975
14683
15294
11783
18449
13990
11353
11986
11186
20016
12963
2291
13638
3122
7175
19441
3743
4121
18693
1486
8107
6785
2472
64
19728
9734
1843
3217
2447
9359
15051
14849
20603
1963
12808
20546
11366
7834
11142
2038
916
13423
2302
12072
10033
7021
9758
19050
18147
4518
17033
11675
15432
2272
17517
8479
5355
2780
14251
7965
11489
2339
7668
15190
14085
16943
5756
10517
7754
12001
5097
3824
10612
1315
8587
9521
733
11994
10265
18102
7601
15066
10254
13764
229
4625
1080
19125
14498
6368
14427
19644
16793
19250
2590
17413
11431
20000
14712
20559
3441
9032
8034
3289
19742
5036
18243
425
13240
16320
12009
5416
17568
8800
2826
19707
9663
12314
10714
18188
8618
17436
1304
11893
8533
9376
16451
3528
18524
17529
9812
19577
19815
5012
10600
7106
15857
7008
306
9580
15914
7798
16292
17620
10026
1148
10028
8770
20031
13170
4168
8258
1791
10173
20370
20575
9788
6169
6166
10930
19015
10191
5832
10775
7452
9373
12425
4466
19234
12686
15210
7960
14468
4481
16952
16841
15082
3527
6447
19749
12388
17550
6490
19667
3145
14949
582
5853
6215
3193
16328
7872
5842
9348
15652
18202
17418
17144
13041
4222
13304
13063
11692
18311
2562
8811
5523
4252
15030
8777
13505
18022
8393
17944
326
12915
347
8651
16091
12175
8762
297
1317
13977
9036
20527
20310
11972
10913
14584
3474
19111
666
16387
3125
18292
17453
14663
5888
20431
14202
12524
19353
1271
12396
17621
5942
17674
10494
7433
11351
8031
613
14231
16349
19942
15423
17256
9786
8781
4390
3241
10164
2638
3704
248
18078
1370
10482
8190
16637
1817
18750
10141
20345
19435
11321
12308
10009
19290
17829
3237
18325
17035
18431
18583
12528
13268
6488
12847
10706
12709
7440
8129
19954
1247
18938
16105
5101
6696
4420
4297
19017
18351
6812
5265
4074
18873
13376
8055
9665
7655
14291
20464
18028
19360
19716
19343
12998
14467
16460
12810
11687
12560
5073
8494
13830
636
20177
1734
9052
5185
8038
11749
15754
3420
15222
19282
12800
16900
17586
15892
6024
11171
14914
15542
3481
6449
11137
8150
5373
7830
6721
7156
6192
4227
1073
12294
2835
20224
14060
7805
15748
797
19349
19217
14829
15844
18108
19969
9774
10688
6120
6642
11657
15555
5350
9919
12332
14369
17565
2336
290
5562
103
8096
12487
2326
16077
20605
11098
12253
20168
1598
15970
9555
14482
3161
3020
12970
12232
8088
2959
16759
914
2711
4616
16151
19118
1066
17165
20428
5626
13114
10032
12768
15482
3910
14216
20574
11846
10847
1667
14128
7517
6867
13127
20323
18222
16323
19371
15850
7337
4750
15121
5606
2530
17477
14961
17104
7210
8673
5926
6438
13937
17546
609
10403
6793
5571
11827
17892
19550
5700
1965
12291
11021
20623
1829
4806
8189
13919
19676
19896
7224
19576
223
330
4004
18695
12988
5029
13547
10756
7195
17604
12420
17011
17075
11377
6921
2324
4426
15816
874
13360
10271
13164
9809
17877
4519
7773
18457
17264
5645
13121
7042
5220
1291
8769
6513
2333
4465
9104
16961
14824
10321
15052
18063
15068
17383
2037
4882
7666
6290
16068
9848
810
4448
12956
599
2388
7271
7246
1453
2887
14571
747
13650
2847
15849
16575
13690
6336
6959
18935
2121
12189
18745
13740
9867
5567
9233
19490
13224
3091
8351
6646
12657
1070
14868
1731
1055
8122
19553
10312
18936
20524
13113
18919
8857
2978
19463
4433
2283
9247
18238
4062
10464
1126
20159
16012
889
5444
5019
14189
19304
20278
9443
11296
19493
14411
5709
287
5814
9796
9839
8599
19820
1998
19630
19666
9403
2951
19879
13287
10823
3037
8659
5144
8906
8612
15640
8802
19218
3546
8352
9461
17069
7959
4564
15843
9670
19464
18705
11818
7693
13637
3271
13074
18701
3737
5345
13342
10207
9990
739
7846
9865
2350
6399
8976
7871
12051
15250
18955
6425
17072
11421
2166
16839
10515
3896
17342
6698
7074
17154
3332
4884
5227
6875
18657
10658
19482
8941
19220
6353
5708
3445
5530
5331
89
2370
7635
10217
9727
7026
11189
16899
450
11428
15511
3039
10496
13922
10898
1552
7812
17131
6331
6529
14322
7498
15647
1812
16282
4148
17343
7694
13135
15793
3191
6130
6302
5159
7136
15916
7067
3129
6476
14512
5152
9274
18966
18851
8136
20530
19008
1534
3641
14541
14401
4774
1176
4208
2042
20149
909
6127
13686
5988
6748
9473
891
19480
19130
7595
16646
17684
11534
19322
2696
5351
7483
5436
10608
2009
6722
13799
20050
13825
7801
12363
17099
12118
18956
17221
14077
6187
1017
13876
2343
5720
7230
16317
19991
3354
4505
19030
10031
11931
16960
6275
331
380
5612
15153
2422
14239
11678
9533
7244
2950
20185
14373
3734
3518
7755
8861
17164
10522
18324
10171
15805
3720
8141
4028
10166
20209
4015
13751
12827
1678
517
8586
14487
19227
19880
12901
11090
12105
5801
13232
16749
2570
20324
2576
18815
20009
7597
12765
15464
14885
5392
10213
7644
5944
12278
17509
15792
11268
14068
13787
8021
13162
9210
7971
12577
8232
16117
4639
12254
9268
3611
2615
10894
16471
12511
12774
6249
18349
2609
10072
18571
18820
8178
1875
8550
14813
5129
19120
13115
3987
9147
16832
7578
3979
12173
829
14517
15967
8248
9442
4973
7889
6396
9987
7135
5848
4166
395
2803
7518
13331
9070
15325
8398
10030
6552
8285
3942
15124
14229
19080
11943
1919
3516
11474
11688
13163
9798
15350
13037
9067
3497
3949
5797
15141
2287
18890
4144
18329
9690
183
3195
12853
1902
2793
17240
10699
9644
5855
6641
8579
1205
1061
2464
9408
10204
2663
9823
13211
19173
15104
20500
15397
11945
16897
20100
17448
17656
10808
5116
3283
6276
8795
8822
3069
10816
18783
10785
12084
7222
17653
8270
6216
15095
3561
238
19898
7848
1296
12505
16928
9389
5590
19842
8286
9686
4925
957
10970
3520
18611
1557
7090
9447
11413
13991
7345
13416
6460
20218
5252
13502
16919
4456
4095
2970
726
12755
11456
2774
17807
5249
9061
7010
16636
19070
8960
102
3210
5655
19528
14206
15879
1782
7071
17880
13139
14017
17776
13436
5510
11016
1548
6401
7554
16937
8470
13022
3256
1767
10382
18704
10256
20052
3666
8467
18971
7177
17830
15008
12163
20098
12986
7342
13613
18288
20163
1292
15449
16907
8495
6796
19690
3991
13454
19059
9190
16906
16415
1297
17411
6882
16813
3215
7719
6200
4329
14699
10531
4987
18249
1574
9390
18140
3728
5195
19168
8118
14711
14507
154
3968
9362
17424
6018
444
5935
16709
577
15643
18114
9723
10431
8573
3988
14285
15571
17567
19637
12856
7234
3259
15233
18878
10622
1750
1832
4871
15249
2786
1496
16949
18659
13326
8921
12712
15328
8074
5023
15675
2400
3807
15015
19326
9463
10601
15267
9655
8478
7896
202
10889
5975
2150
1245
12448
6405
4192
8809
19809
3776
4175
16088
2848
14733
1141
19651
18967
17063
9735
792
2062
8044
6218
15820
13303
1726
3806
17298
19398
15184
14002
18639
5884
2575
2155
2148
4690
5732
20068
3809
19272
10883
9038
8813
3926
17294
407
4009
15354
7847
659
18941
11629
16798
8411
13191
369
15893
16164
18653
6640
17876
5993
5656
2416
2487
13980
1195
14141
2335
19470
9496
12475
2327
18792
12226
8756
10297
9938
12772
4259
20059
12036
6337
13995
11176
8721
20181
11389
4655
12943
8310
7174
11201
3340
13986
17502
15035
6608
1499
1001
10827
10475
7748
4937
4604
2306
10727
12645
14627
11541
542
9545
2944
6600
17062
19697
13832
11836
2864
1656
19038
14678
1391
3339
8434
875
15115
20318
5913
8992
11326
1740
2502
19193
9211
7829
10473
8200
5895
6663
6326
9660
6066
2531
18225
10609
17226
16617
12564
12262
5831
10584
14751
12615
1467
14349
15374
11844
5209
4282
18670
776
1221
18464
4902
1054
8489
12338
18050
5666
3648
1752
7217
11125
16573
12969
3526
15934
3062
4174
14890
13171
9094
17155
15268
13917
12874
16357
14734
10012
10146
1101
20486
5385
13273
2280
16337
10999
15577
7981
4946
18203
5329
16007
11083
11069
455
18189
16812
4146
3717
6043
13610
5897
500
8949
13335
6780
11168
9163
14985
332
20519
14269
16172
6284
4233
9736
6908
12910
8079
16838
2548
11243
14889
3888
19516
19019
13741
5746
10462
17227
778
17542
9950
6735
9310
5316
2749
19603
15156
5813
13636
7485
2301
4304
5767
19981
7746
10978
12508
15020
10506
4678
3601
15760
9160
19864
6754
16095
7183
6283
334
9479
2618
17318
9229
1474
14927
11187
4288
10327
9657
19949
7556
4205
2648
18924
12591
6971
9903
12965
19967
15638
7521
8910
10914
3643
20039
10783
2875
19717
18870
11304
13462
4909
1651
9130
4954
20096
4832
3153
7815
4968
509
18082
15940
8341
13912
7656
14667
14454
12067
8439
6406
17946
1949
11414
16522
7128
9639
5882
14771
4510
16462
18069
15941
14857
14932
5410
17323
5121
10127
11423
5937
16080
2461
9509
3725
17199
7982
8935
13195
9922
10567
6788
14304
14363
10423
296
1531
19310
16189
11840
18616
11583
3262
1157
626
9304
28
10469
3638
19757
16935
17738
10661
12571
17717
16695
11463
1180
11279
7410
20569
3022
8732
7687
18023
10302
11574
12605
6388
17484
7941
14096
9825
12038
5545
12741
18921
19959
1441
5238
4898
14863
3171
13846
3787
13903
14676
549
16413
15169
17781
18626
4932
5081
17415
14647
7680
11795
13077
1450
817
14617
15977
14413
1508
9120
12031
13513
15938
14597
7667
3327
4347
11395
5866
15404
15524
14646
3024
1904
9048
3650
706
12137
6452
3230
15945
10509
289
1602
15468
7294
1869
10958
2760
4351
17247
12860
2916
19258
4919
11736
9970
6750
5609
1756
10716
17394
18592
7775
6586
9183
18735
13560
17293
6700
10905
5382
11832
19612
17909
1505
11059
17446
17626
18216
15484
2936
16577
10047
11234
10848
2713
2182
16570
7094
18895
2692
603
4049
18094
15691
19340
4346
4811
3085
17814
4913
9982
6413
1438
6307
18731
7261
8746
3082
14793
19536
6057
8499
10201
5934
19427
896
5688
20084
9374
20182
8779
9328
19674
18246
1124
18760
6160
19988
3553
18368
4852
7749
15986
17800
885
12678
6729
1283
5293
12268
11325
4217
19449
1689
11969
10729
17708
9985
19355
4835
15926
5027
3944
17793
20550
16443
19845
9861
19705
12558
7702
14783
12080
7101
13779
2655
949
1513
19902
7484
5268
5378
18840
16507
5806
10092
13781
10255
242
2431
483
11405
15557
20334
1417
18266
3759
14581
671
19911
20493
19870
10066
14324
10010
11290
17280
975
1489
20219
16153
785
5784
4134
5401
8925
5492
17642
5812
7676
5892
13138
10790
3595
7236
15740
724
6360
17730
6434
19474
2086
2964
1610
9427
6854
10683
2604
13446
17965
16474
2617
2223
8416
8836
8091
9605
13023
5301
2183
13573
10285
19679
4699
3183
17096
4339
352
19710
18275
16699
3514
5676
5085
2019
11003
6258
14370
4419
11364
8825
12753
9737
1038
18049
20227
6126
5620
18153
19712
18100
11563
5648
7437
1751
18369
14263
6463
1840
13705
6677
14493
16645
19034
1934
11196
9202
329
19794
17758
16190
19207
16845
17347
6288
17838
13814
2561
5223
6858
17142
1765
16195
13480
13308
2434
7137
7402
14174
3503
17286
40
19447
13824
10156
11920
14794
9224
13218
3771
13681
20316
16603
7171
264
13049
880
5945
5182
1392
10812
1463
14576
16244
11991
12249
5642
7167
2592
475
1585
14459
14716
4258
10394
2510
2685
8497
6129
17403
20271
16837
7134
6856
5533
11820
7332
18654
15414
16764
10305
11140
8788
10180
2315
7448
13865
14264
794
19768
15776
3765
5876
265
17652
16257
12269
18591
19833
13885
2390
9011
18224
5796
11163
16166
7145
1900
19051
18115
2597
20604
14440
4305
790
16062
19364
8193
9961
4409
7760
13539
17093
8287
836
8875
2686
1020
19312
19977
5867
10723
13375
14552
6358
19002
6613
7679
6769
4313
13210
17737
2539
13503
15105
8526
5267
13156
3708
4366
20170
12747
13476
934
10145
15320
11081
7398
6502
2215
16697
17549
1027
14893
5749
8760
2725
18112
14478
2180
10315
10820
2851
3534
13100
8710
17963
16493
308
1581
15438
8983
10887
13808
2651
6911
9392
9110
9175
13842
3850
4315
2500
15503
4407
1494
14246
10618
9642
9168
10692
5181
11053
16990
14570
3152
3174
16878
3508
17332
19780
11073
13611
6808
15077
11726
9276
12193
769
4744
71
19657
8898
5864
6902
6411
16362
13523
1776
13473
14007
20446
19181
16290
15270
12732
2397
13117
7419
19517
17873
14292
11392
3622
5384
4890
20536
4738
13403
19871
9285
19541
1654
11347
12631
16064
9326
2417
3140
7098
8161
3270
9781
13155
12079
4090
17839
4599
9570
2673
16849
14528
14132
10767
12089
12174
10936
15344
16576
3475
10478
7331
17764
2557
9100
14397
13147
1200
15118
2636
15474
16307
13857
18785
4959
3635
8892
249
8671
5914
879
15494
12885
721
16582
6350
597
13877
2520
17461
19570
11466
13916
1216
11220
3642
8987
3689
20199
5446
4879
4027
3852
7625
11894
4766
7435
3226
1188
2952
5663
578
16848
18537
14917
16185
10296
16037
1556
11341
20597
2330
14254
18635
14535
17564
4454
17045
7699
3636
4855
3030
2442
1721
20001
8271
12135
17691
10615
9520
3950
7249
18531
6708
4761
12593
13024
13291
12716
17507
2471
17408
18610
19861
770
17297
7950
9379
14341
7736
17731
16340
19433
20283
4124
16239
3103
1950
15009
7664
15796
17524
10620
4439
764
15206
3261
6628
3418
1170
14827
4772
2460
358
7340
17570
15301
5538
818
2134
4926
18710
10414
1754
18836
516
3010
2238
7005
9170
9566
2644
5591
18505
18341
17818
19837
9192
4520
18277
19532
10104
19575
11250
10016
11705
11937
693
9795
4837
19737
13601
1744
15290
12082
8625
6185
6465
1166
1561
15943
11497
1034
2249
8160
18549
6144
17865
18483
9602
976
18957
8282
7951
14548
1784
16855
1490
61
14503
18272
18543
9948
14594
9512
8785
11433
10686
6626
15281
13968
12311
1738
97
18723
17766
20124
214
4316
9915
16355
1564
15572
2815
8252
5807
6651
7826
9668
4672
3986
2229
18607
12663
4956
10064
20383
16321
5719
2684
20545
5212
14240
83
16497
20268
15295
6171
19384
17534
18201
966
279
14750
5000
14089
2745
16604
10337
1006
10355
14102
9939
5002
6481
4824
2029
3377
16073
9783
5359
4091
14708
14614
17600
13569
19242
7731
13495
10553
16430
3313
15489
2356
16860
8849
17185
217
16505
11721
1064
8468
9886
13209
1641
9413
9320
16545
19987
16210
16444
8564
11305
6112
20196
5407
7588
93
3019
19829
14908
8817
141
2764
3489
7366
9369
17174
3832
13883
7984
8806
5475
156
639
2201
12471
19029
3434
16277
10866
19523
11917
19334
13043
4273
18882
2891
3266
16096
5342
1431
15790
7043
10492
17692
14110
8
16894
5546
4742
20467
16777
11064
5393
8748
13818
8872
18812
5960
8006
3836
4782
15339
13206
1839
1217
18628
13826
6549
3738
1732
171
17929
12465
4571
16234
1416
7985
898
19161
2010
16160
18619
8492
15944
18462
11122
12668
13628
6359
6517
7638
1777
16708
9703
10231
9924
5772
2391
4455
19830
2899
194
4778
20395
15370
4847
317
12223
6254
18542
6442
6148
343
19414
12981
3607
5107
20408
17067
8521
5718
559
19305
4196
14081
1511
7425
12641
6944
7619
18952
12377
5431
12495
8431
142
7459
8824
15046
3187
12059
14662
3188
12726
13704
16787
18609
9875
15043
19377
8837
10084
10470
6869
11558
13339
1695
11655
15811
3438
4561
20377
18778
13003
1015
18486
18250
4251
13534
4795
10606
158
14860
18764
888
14645
10945
1925
3399
8278
8964
14531
12301
12208
8933
5638
18440
14027
9446
14898
12266
8382
8852
4220
13749
9294
10279
16316
1770
2001
1619
16886
4045
11731
14894
13780
5370
7915
7534
995
18826
1035
17801
2424
12452
8634
11393
2204
13568
13793
8698
13806
19535
7362
18708
5239
18742
78
14436
18355
11117
3051
16722
16256
160
14951
20106
153
8909
7608
10638
20571
11623
16807
181
5072
9075
8652
4117
16930
15570
13073
2920
3295
20040
1533
17019
4262
19194
12948
2526
15902
18638
15705
10451
19926
18009
6736
16061
11245
10566
3443
3055
779
15703
18774
8844
12848
1512
11441
7151
10806
6004
12114
16786
6917
3086
18460
16742
19753
4692
2053
2941
2406
7996
13930
13718
17370
8395
1345
1677
4595
14969
19814
209
16506
13186
19241
18207
14723
17923
5685
13858
2946
11928
16029
8058
18634
10696
10750
13863
18436
4676
13097
17523
6606
2709
18586
10456
9511
17560
6952
9435
192
12095
10437
3133
606
4359
6991
13468
14561
7154
12796
16313
16536
19368
10347
668
7843
9012
18961
10184
2450
11310
18103
10627
6689
11712
2621
16550
8133
15234
3371
19585
14226
17661
10060
13435
12557
19402
1322
19665
14234
13676
14419
7674
7720
12556
9595
10728
77
2340
17123
18905
15289
16913
12443
10811
799
1119
16947
17283
6250
16051
19556
9716
10134
19231
18197
8324
4667
20634
13289
9327
8570
6772
14511
17478
2845
3059
16252
3484
6030
7953
1346
4939
4002
16970
12798
7803
16245
14249
17961
8792
4694
11862
7060
1862
4434
6582
5158
7968
16008
7962
7394
5402
12904
10959
8583
15588
9013
3927
6692
11517
17402
2602
12007
7348
15551
20353
18678
19537
6843
20077
17397
15193
2102
9279
12674
11424
7624
18700
14952
20060
643
774
19615
10843
17544
1855
2046
3880
7786
12239
15841
16713
19508
2140
2616
16791
1607
11630
18388
12356
12635
18432
16868
10140
3096
13894
10539
19087
2927
15910
6506
17520
7948
15096
13361
19423
18476
15863
9347
11765
15733
9808
6661
7539
5320
1892
6294
12154
1901
17095
2247
14035
1930
9899
6194
15341
7173
19715
11559
9299
11492
8551
13397
7837
4712
4981
17106
2596
4955
19899
9260
20406
795
13329
20093
16551
17251
4768
49
18600
16530
20243
583
374
1526
8240
470
11085
16449
13159
4007
12830
14152
20386
19024
2347
8722
18918
11905
14644
6530
20139
9741
6883
17614
4765
10552
9286
4459
11845
20622
10177
10765
10989
2656
3444
1031
10836
15773
3170
10642
18688
356
16606
522
3126
11109
16445
3222
14358
17688
1912
20555
6150
12025
20201
11088
3470
19980
10266
13110
12303
13618
13301
15618
2789
765
18789
2775
8833
13735
11761
12104
8115
9632
20110
4773
6527
5352
15164
2677
14469
10907
23
11151
18491
9121
9325
18235
4617
2880
19286
14219
11080
6286
11833
9009
14344
18995
17056
7809
11913
9593
13866
4966
5667
14015
12606
1032
1723
12639
11802
569
8355
6943
7477
899
1427
11554
3364
1047
5565
19046
18991
1946
527
16955
18794
16542
18507
4190
5856
2483
787
13485
4957
5670
9238
17883
10667
10525
18303
18396
4536
18907
5236
13229
10503
10744
11861
2700
8307
16852
17778
901
3993
19146
16109
2279
8757
17751
19240
16219
13763
9037
3335
195
8768
8158
6635
14681
3619
18660
16021
14166
13367
3251
1390
5186
1491
16218
8040
12857
8855
12924
8942
585
7218
4403
9740
13575
6213
17756
16910
10229
5272
19085
20518
9411
5773
7446
12277
3863
18071
746
9341
2084
11130
5371
16528
12570
16705
9551
20491
19645
15396
1019
19797
10599
9709
15962
11200
4085
9138
10029
15799
7913
17497
12186
11454
2945
18850
9827
1309
19188
12256
14305
10597
4866
17890
9879
17289
10579
1645
19149
11548
2228
13080
1410
14331
5531
15519
17470
6691
11935
993
15853
14800
11810
19056
12153
18929
16514
16086
7769
12255
12992
5318
4707
19096
17216
5617
10602
2218
17423
6759
4598
8628
18622
17024
19946
6429
9993
13901
9264
12704
16201
8102
1688
12198
7570
8284
1566
3921
3955
14702
10996
12542
13313
14388
10447
12234
13913
3934
4900
7034
8961
7584
10871
19681
17668
6985
2353
10007
12801
10852
19372
9537
593
18080
14286
16710
14918
7367
13112
17999
8723
2859
17350
2585
10793
14215
7281
17348
6543
11606
14895
5733
1648
9157
3372
9956
15622
16115
10713
15608
10306
15614
7268
9300
13280
4637
17537
17080
10498
11357
7778
10137
12967
15103
10089
19061
19944
14924
10319
19682
19638
10420
18847
10722
6054
5971
1120
2639
4752
14125
13713
4845
16032
17125
15120
14710
532
12364
14506
7509
11536
7740
14973
13815
9345
10758
7278
4895
8850
11533
13654
5564
18053
4530
4291
20228
17101
7073
15152
8125
6969
3908
20173
17456
197
5102
2381
1218
16207
7158
5964
8697
5603
16869
3472
14144
14559
11718
20259
6548
18787
1281
9010
20381
8084
16376
11342
16059
8174
6398
8969
3246
16884
19342
4195
16979
2041
1786
13167
7545
17632
14566
66
6538
640
16579
2399
3899
6440
18330
6540
6461
14150
10641
14812
19123
19599
2130
6910
16284
5105
6668
12476
16881
9131
20245
14873
13992
16992
3225
1230
635
14185
673
926
14851
1780
7615
11801
17677
6568
2178
5887
4380
15460
15560
12607
10418
7649
11387
6771
13851
18480
8449
17102
11015
1725
11561
11101
6925
456
12637
5894
4169
16204
12630
2701
15198
3105
10815
14067
6219
15416
12229
18916
8437
4137
12241
13948
3349
18091
16810
4997
20457
13274
15272
5527
109
19297
5840
18230
630
2914
2096
12284
1572
16482
9979
3224
4474
17281
9761
14222
16125
5823
8426
13242
2603
118
3436
18846
1978
5442
4127
17426
8430
16369
18205
17257
14608
3956
14347
17437
7450
800
7586
10058
5981
9527
2265
6838
8249
19307
6711
14054
9391
19336
16176
12419
4896
18424
1576
20044
11514
8132
14010
20267
18722
7730
17577
2547
7552
14690
11751
11486
12146
8506
5016
6128
12041
731
781
18732
14628
12027
19225
17139
16081
10361
1144
3297
18072
8908
9022
20477
11259
12449
11193
3014
742
3668
6088
16918
4557
14884
7783
176
9995
16174
14062
1173
2408
8384
5263
9785
16150
4414
6300
3449
10960
6521
9353
5989
3764
7527
18455
1468
2233
18720
15951
16026
13391
11693
6382
4477
17724
4078
18828
15358
4330
8677
11636
17047
12466
138
13246
90
5528
17991
18668
4771
11589
5260
448
16609
9464
18799
19306
6912
476
11941
2277
856
3309
19884
20130
18089
3882
17287
18481
13409
2509
113
14275
2320
478
17690
13450
18810
6528
3733
16339
4044
10613
3788
5056
13306
6914
11974
15245
10111
8377
4846
8885
2103
12538
719
8215
4436
12510
112
7568
2863
2811
864
12807
13050
19922
19331
15241
2427
13393
10548
11408
13185
1923
4911
14587
16578
2817
7455
13279
15538
16682
7759
13377
14835
18495
13838
4391
10221
20055
17588
17647
5024
17132
9850
13270
6000
3301
17305
11735
7599
5285
5094
12353
12737
758
4229
84
11569
19040
13180
7328
2118
18804
6725
2254
3202
17112
17704
14714
13392
19731
7750
15024
1107
12222
8782
20147
5453
19243
19652
1604
19215
16196
16342
18743
2082
14213
8914
18079
301
17108
13348
19689
19580
10343
13012
16581
9244
7883
6773
172
19776
19356
20208
4748
8165
752
8889
4555
9920
7926
18989
12866
14864
17079
15493
11334
12381
16249
16469
4710
9860
17752
14933
14201
4943
1414
9089
16893
2754
8319
20400
14094
18605
19159
6715
15718
5427
15690
18751
3328
11280
15491
16169
18869
973
2241
11278
13323
17530
10162
8917
17018
14302
737
8578
9770
16628
4290
19601
7504
4717
10673
17422
9272
10178
11617
17421
9981
850
4277
17997
11519
18547
4788
5619
15002
4960
10695
354
13056
8094
17224
9287
9166
18333
7039
10540
3115
6664
6983
19908
4721
10099
920
13321
15420
16864
11402
19709
8970
5469
7757
11990
4026
14091
11404
16543
1649
12309
19115
15309
10645
20143
5062
6923
5872
6574
6407
5785
2681
6072
6680
10379
8267
4736
18687
15597
665
3509
19167
13401
12293
14381
7323
17894
17795
17122
2836
15997
3744
13249
3819
423
6105
16417
14462
16113
7180
12347
3626
9625
4566
17611
2542
3064
20612
16399
16459
1447
6809
10771
10389
8597
7338
13137
15869
881
12546
2199
3981
9381
14330
6726
16069
12677
20407
766
4488
20129
1910
16954
19519
5577
5551
9687
14453
