524
344
106
193
150
642
246
604
117
266
511
386
696
109
577
288
550
811
472
648
29
259
501
664
377
385
459
502
251
212
197
698
732
62
573
751
203
14
770
621
6
48
59
503
651
125
396
510
708
160
205
169
469
223
565
784
539
282
678
458
176
715
723
597
444
372
206
479
667
580
195
694
170
681
141
208
388
312
345
133
182
494
728
102
225
86
164
370
637
687
814
452
466
38
783
308
130
361
432
148
183
79
418
750
672
113
464
23
578
804
184
354
271
690
209
56
554
592
734
404
798
357
523
571
556
425
8
777
435
744
688
327
83
242
430
51
54
617
16
441
488
632
2
289
705
365
3
707
662
714
650
82
451
447
608
351
546
219
360
409
647
646
114
561
500
803
582
553
147
35
787
816
20
763
635
167
384
99
175
329
285
771
415
614
68
749
468
467
567
17
74
611
173
186
332
401
254
665
692
279
786
697
521
514
568
563
307
607
55
549
355
67
299
780
306
724
746
478
107
405
5
619
353
827
342
362
820
612
733
204
311
599
800
152
303
275
670
326
686
81
239
252
595
716
618
290
188
544
348
159
576
519
92
120
757
166
791
302
808
292
547
378
240
189
730
72
343
134
255
380
93
60
375
527
817
284
88
669
420
278
322
743
221
63
506
482
95
764
257
616
762
449
286
821
812
339
736
638
603
493
91
725
330
215
129
238
424
774
419
710
44
178
809
579
426
653
61
76
586
486
700
805
731
263
132
236
754
588
517
605
373
241
701
334
216
676
627
797
273
455
613
675
323
248
673
574
490
122
462
657
381
387
244
363
505
389
559
245
779
532
7
496
442
28
53
96
165
668
504
119
277
454
775
318
636
226
27
199
598
367
512
620
480
760
40
376
721
144
218
677
471
717
476
143
417
823
766
474
778
513
601
123
115
737
179
525
267
66
15
359
753
756
261
321
135
138
463
392
529
18
453
11
127
745
654
602
526
9
26
695
440
625
522
656
739
408
564
124
551
403
789
487
747
89
824
785
639
174
610
450
585
349
333
498
19
168
287
825
663
382
294
190
217
324
313
558
328
151
436
256
314
400
509
807
229
416
587
116
301
71
196
448
37
499
729
491
291
530
596
813
78
158
319
543
85
534
560
394
671
661
253
792
281
33
379
194
21
161
258
75
187
740
350
773
615
230
759
104
484
412
591
90
445
77
358
423
645
101
826
316
492
629
535
210
622
162
276
163
433
655
181
718
177
795
566
317
110
481
793
331
769
600
36
22
105
366
356
234
727
80
443
108
154
297
191
507
456
772
0
794
270
726
137
410
233
300
541
477
202
1
402
374
641
790
39
139
640
712
819
649
118
538
508
431
589
516
249
201
69
666
630
828
428
818
702
142
94
347
207
214
489
572
180
364
829
460
103
156
781
274
227
633
581
738
475
518
10
340
495
680
711
658
593
220
111
703
536
49
767
309
211
545
422
776
325
540
719
41
631
735
145
709
47
457
146
801
575
594
73
352
369
383
682
149
