1341
140
1232
587
869
1447
1105
805
1443
822
36
526
1234
586
936
1129
475
523
1415
67
1194
926
661
1238
928
463
581
185
753
18
293
1391
422
617
1360
76
58
1026
1313
503
302
232
954
1132
380
768
1371
132
824
1195
102
1218
1414
495
1115
379
1430
88
1369
1228
1293
594
1362
743
20
843
756
737
920
336
453
781
436
961
696
317
968
823
1412
1022
771
558
279
1031
1461
452
1243
1249
211
121
826
1008
1096
464
167
477
77
890
1235
1042
1361
23
220
1142
204
1331
953
704
769
227
576
427
683
915
1226
1015
635
1025
1351
472
280
1262
162
127
1052
114
813
1093
1272
1458
738
106
181
1472
1079
1024
575
958
762
291
641
358
1014
747
672
600
1237
31
956
517
856
1215
240
1265
937
537
295
933
723
484
963
532
1269
1253
235
1131
1101
101
589
970
1202
626
166
499
720
1040
1221
163
1287
1036
907
889
1386
311
1283
552
639
197
725
100
73
213
1258
1332
688
911
478
269
107
667
1294
508
808
62
895
237
873
613
49
406
1057
1185
607
189
330
52
828
901
778
304
690
361
68
254
1102
471
1037
316
27
1033
534
548
169
1304
1212
751
1441
1161
147
1018
242
1095
669
1404
75
418
1153
368
666
230
275
1247
497
1324
1299
981
346
243
1263
578
650
718
1092
700
56
174
282
774
0
649
1421
190
994
859
288
1388
1400
1368
962
264
137
1352
596
948
866
998
11
539
1446
352
430
1121
435
268
1165
1273
713
1175
4
817
727
1062
722
1325
980
1039
1457
1223
1279
625
184
149
1167
795
377
145
512
1138
1347
921
440
321
405
154
1309
806
83
647
1005
1408
758
734
1366
326
830
266
821
604
1374
221
562
410
259
1329
1113
333
1255
898
640
1063
498
1236
876
1130
1149
1047
543
1056
1301
982
645
602
1259
1197
719
1171
340
104
1184
457
1311
481
501
1066
1209
553
442
1148
514
687
608
1085
22
554
987
648
918
1210
182
867
109
1463
721
760
941
99
1380
244
542
883
1154
590
1318
1219
1028
386
51
1009
1330
965
1013
141
686
1406
966
1370
692
1122
267
637
571
1150
400
1261
1314
665
1004
615
1061
1220
1302
879
1357
945
1225
646
194
1097
357
1137
528
39
978
1437
271
1173
1365
1100
26
832
398
78
1346
98
1134
212
714
105
741
1176
506
234
1135
524
505
858
239
290
957
886
1355
716
278
300
673
1312
880
906
1196
1433
1151
979
1206
1099
677
66
1166
1140
521
120
1342
381
1390
216
299
9
577
356
13
201
930
627
1350
636
1298
347
252
944
192
493
1012
434
45
1198
1291
3
831
482
1310
467
451
1418
561
1256
1146
732
1467
1183
882
789
1469
1112
228
1271
815
598
583
1466
64
250
1073
1071
1217
567
1077
623
219
48
1268
765
384
837
1422
1164
904
993
1436
878
324
296
1111
654
1413
689
746
676
931
927
118
1333
679
30
924
1343
1409
1065
550
844
81
1392
530
135
1045
929
621
942
177
1439
516
698
94
401
241
175
1229
670
520
332
110
819
1245
122
1010
183
388
297
678
306
263
152
1172
507
631
215
270
1244
853
1006
902
313
1296
855
449
1282
1157
86
896
842
87
1083
511
85
1470
1284
518
146
214
111
522
1426
1456
990
360
663
54
1432
807
408
34
564
409
560
585
10
35
180
373
946
693
365
854
674
940
1027
369
415
425
1190
1011
788
161
991
1358
1098
429
1160
1434
200
1163
97
1201
1241
1076
12
874
986
739
706
15
909
207
289
1323
1109
742
343
74
1041
1108
238
597
1104
682
1123
959
1264
983
298
1290
1349
1316
897
193
887
1252
1128
1288
38
614
119
1270
971
43
850
328
1114
403
176
258
634
1429
709
1275
404
764
1050
112
272
1300
393
671
251
1344
622
461
362
1359
353
307
359
825
580
985
315
1126
41
1180
394
630
749
917
816
568
1089
900
236
327
134
334
1364
836
488
1094
1070
338
84
1334
171
281
411
849
776
172
25
500
1193
103
342
1204
165
697
923
870
131
1438
616
872
1285
1179
1348
925
969
1035
525
1054
660
40
391
1435
1188
397
1090
1186
424
735
894
905
348
803
1401
417
584
225
1087
800
93
997
1397
1381
419
19
656
860
248
606
657
1
557
875
877
412
1227
6
1214
223
1465
1141
59
609
1425
1339
793
17
1106
611
579
759
1455
612
684
1356
1340
1200
865
349
277
202
1303
1119
1003
460
1124
535
1038
116
655
287
809
1007
385
545
1326
513
318
1118
540
487
292
155
975
1423
428
891
848
838
370
179
229
1308
283
247
729
549
750
820
42
701
1125
1292
533
413
974
1385
1427
752
1055
153
276
473
1278
619
372
947
1136
1382
733
519
707
1189
50
113
644
888
1354
1021
1030
309
620
555
1449
178
90
322
1384
462
1075
364
835
151
1462
899
1147
226
491
952
592
1239
1445
447
652
736
208
783
28
659
395
1181
1459
286
130
745
191
939
572
810
173
454
371
1240
1051
1034
95
799
231
847
802
1257
1375
188
1416
908
466
651
262
1156
433
984
703
761
423
402
456
414
912
662
916
256
128
510
71
284
1376
1396
515
913
1144
599
632
812
331
1407
1120
664
108
399
785
1444
341
1452
1319
375
976
1020
536
668
642
432
1328
483
16
1440
1336
129
445
1000
438
1307
351
1086
337
1266
784
685
792
932
32
421
1398
209
744
922
124
910
1068
595
995
766
314
1254
1305
420
70
724
1078
681
199
480
431
1450
1191
1306
14
492
2
1080
773
1281
740
541
218
754
206
1049
1393
748
574
1116
390
934
5
125
885
115
711
988
366
170
396
257
967
943
261
715
960
1074
1213
92
624
949
618
1019
494
344
1174
1250
133
914
755
796
695
389
1395
1248
1453
233
60
1372
1431
374
1246
996
69
249
628
159
1017
439
1064
938
504
1274
569
72
1277
158
47
699
573
884
476
8
1169
441
1389
61
274
1417
1460
407
198
728
863
730
1387
973
1133
903
57
